+-----+-------------+----------------+
| id  | exercise_id | musclegroup_id |
+-----+-------------+----------------+
|   1 |           8 |             26 |
|   2 |          56 |             12 |
|   3 |          57 |             12 |
|   4 |          58 |             12 |
|   5 |          59 |             11 |
|   6 |          60 |             12 |
|   7 |          61 |             12 |
|   8 |          62 |             11 |
|   9 |           4 |             25 |
|  10 |           5 |             25 |
|  11 |           6 |             26 |
|  12 |           7 |             25 |
|  13 |           9 |             25 |
| 327 |          11 |             26 |
|  15 |          11 |             25 |
|  16 |          12 |             25 |
|  17 |          13 |             25 |
|  19 |          15 |             25 |
|  20 |          16 |             25 |
|  21 |          11 |             11 |
| 328 |          12 |             26 |
|  24 |          15 |             11 |
|  25 |          17 |             11 |
|  26 |          18 |             11 |
|  27 |          18 |             25 |
|  28 |          19 |             25 |
|  29 |          20 |             11 |
|  30 |          20 |             26 |
|  31 |          21 |             25 |
|  32 |          22 |             25 |
| 224 |          26 |             26 |
|  39 |          26 |             25 |
| 225 |          27 |             26 |
|  41 |          27 |             25 |
|  42 |          28 |             11 |
|  43 |          28 |             26 |
|  44 |          29 |             25 |
| 227 |          30 |             15 |
|  46 |          30 |             25 |
|  47 |          31 |             11 |
|  48 |          31 |             25 |
|  49 |          32 |             15 |
|  50 |          32 |             25 |
|  51 |          33 |             11 |
|  52 |          33 |             25 |
|  54 |          35 |             11 |
|  55 |          35 |             25 |
| 275 |         214 |             21 |
| 274 |         276 |             21 |
| 419 |         184 |             10 |
|  61 |          37 |             25 |
| 627 |         616 |             17 |
| 626 |         616 |             21 |
|  64 |         200 |             12 |
|  65 |         200 |             13 |
|  66 |         225 |             12 |
|  67 |         225 |             13 |
|  68 |         223 |             21 |
|  69 |         223 |             17 |
|  70 |         220 |             21 |
|  71 |         220 |             17 |
| 344 |         204 |             17 |
| 343 |         204 |             21 |
|  74 |         229 |             21 |
|  75 |         229 |             17 |
|  76 |         290 |             21 |
|  77 |         290 |             17 |
|  78 |         236 |             21 |
|  79 |         236 |             17 |
|  82 |         277 |             21 |
|  83 |         277 |             17 |
|  86 |         279 |             21 |
|  87 |         279 |             17 |
|  88 |         235 |             21 |
|  89 |         235 |             17 |
|  90 |         234 |             21 |
|  91 |         234 |             17 |
| 363 |         141 |             18 |
| 362 |         233 |             18 |
|  94 |         141 |             21 |
|  95 |         141 |             17 |
|  96 |         233 |             21 |
|  97 |         233 |             17 |
|  98 |         291 |             17 |
|  99 |         291 |             18 |
| 100 |         138 |             17 |
| 101 |         138 |             18 |
| 102 |         143 |             21 |
| 103 |         143 |             17 |
| 106 |         275 |             17 |
| 107 |         275 |             18 |
| 108 |         276 |             17 |
| 109 |         276 |             18 |
| 110 |         205 |             17 |
| 111 |         205 |             18 |
| 112 |         289 |             21 |
| 113 |         289 |             17 |
| 114 |         286 |             21 |
| 115 |         286 |             17 |
| 116 |         359 |             11 |
| 117 |         359 |             26 |
| 118 |          17 |             26 |
| 202 |          58 |             13 |
| 120 |          58 |             25 |
| 206 |          56 |             13 |
| 122 |          56 |             25 |
| 204 |          57 |             13 |
| 124 |          57 |             25 |
| 199 |          59 |             12 |
| 126 |          59 |             25 |
| 198 |          60 |             13 |
| 128 |          60 |             25 |
| 196 |          61 |             13 |
| 130 |          61 |             25 |
| 271 |         367 |             21 |
| 193 |          62 |             12 |
| 133 |         200 |             25 |
| 208 |         210 |             13 |
| 135 |         210 |             12 |
| 136 |         210 |             25 |
| 137 |          49 |             12 |
| 138 |          47 |             12 |
| 187 |           3 |             29 |
| 192 |         200 |             11 |
| 191 |          52 |             11 |
| 190 |          51 |             11 |
| 188 |           2 |             29 |
| 628 |         616 |             12 |
| 660 |         650 |             11 |
| 625 |         616 |             11 |
| 183 |          45 |             13 |
| 148 |          45 |             12 |
| 149 |          45 |             25 |
| 150 |         360 |             11 |
| 151 |         360 |             25 |
| 154 |         352 |              2 |
| 155 |         271 |              2 |
| 156 |         211 |              2 |
| 157 |         132 |              2 |
| 158 |         132 |              1 |
| 159 |         131 |              2 |
| 160 |         130 |              2 |
| 161 |         129 |              2 |
| 162 |         206 |              2 |
| 163 |         124 |              2 |
| 164 |         124 |             13 |
| 165 |         124 |              1 |
| 166 |         125 |              2 |
| 167 |         125 |             13 |
| 168 |         125 |              1 |
| 169 |         126 |              2 |
| 170 |         127 |              2 |
| 171 |         127 |             13 |
| 172 |         127 |              1 |
| 173 |         128 |              2 |
| 174 |         136 |              3 |
| 175 |         133 |             21 |
| 176 |         133 |             17 |
| 177 |         133 |              3 |
| 178 |         133 |             18 |
| 273 |         275 |             21 |
| 182 |          45 |             11 |
| 184 |         225 |             11 |
| 189 |          50 |             11 |
| 194 |          62 |             13 |
| 195 |          61 |             11 |
| 197 |          60 |             11 |
| 200 |          59 |             13 |
| 201 |          58 |             11 |
| 203 |          57 |             11 |
| 205 |          56 |             11 |
| 207 |         210 |             11 |
| 209 |          54 |             11 |
| 210 |          54 |             12 |
| 531 |          54 |             29 |
| 212 |          55 |             11 |
| 213 |          55 |             12 |
| 532 |          55 |             29 |
| 367 |         309 |             20 |
| 366 |         308 |             20 |
| 217 |         202 |             13 |
| 222 |         223 |             18 |
| 223 |          28 |             25 |
| 226 |          29 |             26 |
| 231 |         368 |             17 |
| 229 |         366 |             17 |
| 270 |         217 |             17 |
| 232 |         128 |             14 |
| 233 |         372 |             11 |
| 234 |         372 |             26 |
| 235 |          67 |             14 |
| 236 |          80 |             14 |
| 238 |          77 |             14 |
| 239 |          75 |             14 |
| 240 |          72 |             14 |
| 241 |          70 |             14 |
| 242 |          69 |             14 |
| 243 |          66 |             14 |
| 244 |          71 |             14 |
| 245 |          68 |             14 |
| 246 |          65 |             14 |
| 248 |         304 |             19 |
| 249 |         303 |             19 |
| 250 |         302 |             19 |
| 251 |         301 |             19 |
| 252 |         300 |             19 |
| 253 |         299 |             19 |
| 254 |         298 |             19 |
| 255 |         297 |             19 |
| 256 |         145 |             19 |
| 258 |          73 |             16 |
| 259 |         113 |             16 |
| 262 |         120 |             16 |
| 264 |         119 |             16 |
| 265 |         118 |             16 |
| 266 |         116 |             16 |
| 267 |         115 |             16 |
| 268 |         114 |             16 |
| 269 |         123 |             16 |
| 272 |         367 |             17 |
| 276 |         214 |             17 |
| 277 |         214 |             18 |
| 278 |         138 |             21 |
| 279 |         367 |             18 |
| 280 |         358 |             21 |
| 281 |         358 |             17 |
| 282 |         358 |             18 |
| 283 |         295 |             17 |
| 284 |         134 |             21 |
| 285 |         134 |             17 |
| 286 |         135 |             21 |
| 287 |         135 |             17 |
| 288 |         139 |              3 |
| 289 |         294 |             17 |
| 290 |         366 |             21 |
| 291 |         126 |             14 |
| 293 |         267 |              3 |
| 294 |         270 |              3 |
| 295 |         364 |             21 |
| 296 |         364 |             17 |
| 297 |         364 |              3 |
| 298 |         364 |             18 |
| 299 |         370 |             25 |
| 300 |          36 |             26 |
| 301 |          36 |             25 |
| 302 |          33 |             26 |
| 303 |          43 |             26 |
| 304 |          43 |             25 |
| 305 |          44 |             26 |
| 306 |          34 |             26 |
| 308 |         354 |             26 |
| 311 |          37 |             26 |
| 312 |          38 |             26 |
| 313 |          38 |             25 |
| 314 |          22 |             26 |
| 315 |          21 |             26 |
| 316 |           4 |             26 |
| 317 |           7 |             26 |
| 318 |           9 |             26 |
| 319 |           5 |             26 |
| 320 |          39 |             26 |
| 321 |          39 |             25 |
| 322 |          40 |             26 |
| 323 |          40 |             25 |
| 324 |          83 |             26 |
| 325 |          83 |             15 |
| 326 |          10 |              2 |
| 329 |          13 |             26 |
| 330 |          15 |             26 |
| 331 |          16 |             26 |
| 332 |          18 |             26 |
| 335 |          48 |             12 |
| 336 |         208 |             10 |
| 337 |         191 |             10 |
| 338 |         188 |             10 |
| 339 |         187 |             10 |
| 340 |         179 |             10 |
| 341 |         172 |             10 |
| 342 |         361 |             10 |
| 345 |         204 |             18 |
| 346 |         220 |             18 |
| 347 |         227 |             21 |
| 348 |         227 |             17 |
| 349 |         227 |             18 |
| 353 |         229 |             18 |
| 354 |         292 |             18 |
| 355 |         277 |             18 |
| 357 |         279 |             18 |
| 358 |         286 |             18 |
| 359 |         289 |             18 |
| 360 |         290 |             18 |
| 361 |         143 |             18 |
| 368 |         369 |              9 |
| 369 |         371 |              1 |
| 371 |         104 |             15 |
| 372 |         105 |             15 |
| 373 |         106 |             15 |
| 374 |          95 |             15 |
| 375 |          92 |             15 |
| 376 |          91 |             15 |
| 377 |          90 |             15 |
| 378 |          89 |             15 |
| 379 |          87 |             15 |
| 380 |          86 |             15 |
| 381 |         111 |             15 |
| 382 |         110 |             15 |
| 383 |         103 |             15 |
| 385 |         108 |             15 |
| 389 |          97 |             15 |
| 390 |          96 |             15 |
| 391 |          84 |             15 |
| 392 |         112 |             15 |
| 393 |          81 |             15 |
| 394 |           6 |             25 |
| 395 |           8 |             25 |
| 396 |         359 |             25 |
| 399 |          17 |             25 |
| 400 |         372 |             25 |
| 401 |         310 |             21 |
| 402 |         310 |             17 |
| 403 |         310 |             18 |
| 404 |         284 |             21 |
| 405 |         284 |             17 |
| 406 |         284 |             18 |
| 658 |         647 |              2 |
| 410 |         261 |             11 |
| 411 |         261 |             21 |
| 412 |         261 |             17 |
| 413 |         261 |             12 |
| 414 |         261 |             18 |
| 415 |         373 |              2 |
| 416 |         195 |             17 |
| 417 |         194 |             17 |
| 418 |         296 |             17 |
| 422 |         291 |             21 |
| 423 |         293 |             17 |
| 424 |          94 |             15 |
| 425 |         378 |              2 |
| 426 |         379 |              2 |
| 427 |         380 |             16 |
| 428 |         380 |              2 |
| 429 |         381 |              3 |
| 431 |         384 |              2 |
| 432 |         385 |              2 |
| 666 |         708 |             26 |
| 434 |         387 |              2 |
| 436 |         389 |             11 |
| 437 |         389 |             25 |
| 439 |         202 |              1 |
| 440 |         390 |             13 |
| 441 |         390 |              1 |
| 442 |         391 |             13 |
| 443 |         391 |              1 |
| 444 |         392 |             11 |
| 445 |         392 |             12 |
| 446 |         392 |             25 |
| 447 |         393 |             14 |
| 448 |         394 |             14 |
| 449 |         395 |             15 |
| 450 |         396 |             12 |
| 451 |         397 |             14 |
| 452 |         398 |             14 |
| 453 |         399 |             15 |
| 454 |         400 |             18 |
| 456 |         402 |             18 |
| 457 |         403 |             18 |
| 458 |         142 |             21 |
| 459 |         142 |             18 |
| 460 |         404 |             18 |
| 461 |         405 |             18 |
| 462 |         406 |             18 |
| 463 |         407 |             18 |
| 465 |         409 |              1 |
| 466 |         410 |             26 |
| 467 |         411 |             26 |
| 468 |         411 |             25 |
| 469 |         412 |             26 |
| 470 |         413 |             26 |
| 471 |         413 |             15 |
| 472 |         414 |              2 |
| 473 |         415 |             26 |
| 474 |         415 |             25 |
| 475 |         416 |              2 |
| 476 |         417 |              2 |
| 477 |         418 |             11 |
| 479 |         420 |              2 |
| 480 |         421 |              2 |
| 481 |         422 |             14 |
| 482 |         423 |             14 |
| 483 |         424 |             14 |
| 484 |         426 |             18 |
| 485 |         427 |             19 |
| 486 |         432 |             19 |
| 487 |         449 |             21 |
| 488 |         449 |             17 |
| 489 |         449 |             18 |
| 491 |         478 |             15 |
| 492 |         483 |              2 |
| 493 |         484 |              2 |
| 494 |         488 |             21 |
| 495 |         489 |             21 |
| 496 |         490 |             26 |
| 497 |         491 |             25 |
| 498 |         492 |             11 |
| 499 |         493 |             21 |
| 500 |         493 |             18 |
| 501 |         503 |             21 |
| 502 |         503 |             17 |
| 503 |         503 |             18 |
| 504 |         504 |             21 |
| 505 |         504 |             17 |
| 506 |         504 |             18 |
| 507 |         505 |             21 |
| 508 |         505 |             17 |
| 509 |         505 |             18 |
| 510 |         506 |             21 |
| 511 |         506 |             17 |
| 512 |         506 |             18 |
| 513 |         501 |             21 |
| 514 |         501 |             17 |
| 515 |         501 |             18 |
| 516 |         273 |             21 |
| 517 |         273 |             17 |
| 518 |         273 |             18 |
| 519 |         502 |             21 |
| 520 |         502 |             17 |
| 521 |         502 |             18 |
| 522 |         262 |             21 |
| 523 |         262 |             17 |
| 524 |         262 |             18 |
| 659 |         649 |             12 |
| 526 |         508 |             13 |
| 529 |         511 |             13 |
| 530 |         512 |             12 |
| 533 |         513 |             29 |
| 534 |         513 |              1 |
| 537 |         515 |             26 |
| 538 |         515 |             25 |
| 539 |         516 |             26 |
| 540 |         516 |             25 |
| 541 |         517 |             26 |
| 542 |         517 |             25 |
| 543 |         518 |              2 |
| 544 |         522 |              2 |
| 545 |         523 |              2 |
| 546 |         524 |              2 |
| 547 |         525 |              2 |
| 548 |         526 |              2 |
| 549 |         527 |              2 |
| 550 |         527 |              1 |
| 551 |         528 |              2 |
| 552 |         528 |              1 |
| 553 |         529 |              2 |
| 554 |         530 |              2 |
| 555 |         530 |              1 |
| 557 |         531 |              2 |
| 558 |         531 |              1 |
| 559 |         532 |             21 |
| 560 |         532 |             17 |
| 561 |         533 |             14 |
| 562 |         534 |             14 |
| 563 |         535 |             15 |
| 564 |         536 |             15 |
| 565 |         537 |             15 |
| 566 |         538 |             15 |
| 567 |         539 |             16 |
| 568 |         540 |             16 |
| 569 |         541 |             18 |
| 570 |         555 |             26 |
| 571 |         558 |             15 |
| 572 |         559 |             26 |
| 573 |         559 |             25 |
| 574 |         560 |             26 |
| 575 |         560 |             25 |
| 576 |         561 |             26 |
| 577 |         561 |             25 |
| 580 |         563 |             26 |
| 581 |         563 |             25 |
| 582 |         564 |              2 |
| 583 |         564 |              1 |
| 584 |         565 |             12 |
| 586 |         567 |              2 |
| 587 |         568 |              2 |
| 588 |         569 |             16 |
| 592 |         584 |             26 |
| 593 |         585 |              2 |
| 594 |         588 |             21 |
| 595 |         588 |             17 |
| 596 |         588 |             18 |
| 597 |         589 |             21 |
| 598 |         589 |             17 |
| 599 |         589 |             18 |
| 600 |         590 |             21 |
| 601 |         590 |             17 |
| 602 |         590 |             18 |
| 603 |         591 |             21 |
| 604 |         591 |             17 |
| 605 |         591 |             18 |
| 606 |         592 |             21 |
| 607 |         592 |             17 |
| 608 |         592 |             18 |
| 609 |          42 |             26 |
| 610 |          42 |             25 |
| 613 |         595 |             21 |
| 614 |         595 |             17 |
| 615 |         595 |             18 |
| 616 |         596 |             19 |
| 617 |         596 |             21 |
| 618 |         596 |             17 |
| 619 |         596 |             18 |
| 620 |         597 |             21 |
| 621 |         597 |             17 |
| 622 |         597 |             18 |
| 623 |         613 |             11 |
| 624 |         613 |             12 |
| 629 |         616 |             18 |
| 630 |         622 |             21 |
| 631 |         622 |             17 |
| 632 |         622 |              3 |
| 633 |         622 |             18 |
| 634 |         506 |              3 |
| 635 |         623 |             11 |
| 636 |         623 |             21 |
| 637 |         623 |             17 |
| 638 |         623 |              3 |
| 639 |         623 |             18 |
| 640 |         624 |             21 |
| 641 |         624 |             17 |
| 642 |         624 |              3 |
| 643 |         624 |             18 |
| 644 |         625 |             11 |
| 645 |         625 |             21 |
| 646 |         625 |             17 |
| 647 |         625 |              3 |
| 648 |         625 |             18 |
| 649 |         626 |             21 |
| 650 |         626 |             17 |
| 651 |         626 |             18 |
| 652 |         627 |             21 |
| 653 |         627 |             17 |
| 654 |         627 |             18 |
| 655 |         628 |             21 |
| 656 |         628 |             17 |
| 657 |         628 |             18 |
| 661 |         653 |             12 |
| 662 |         701 |             11 |
| 663 |         701 |             26 |
| 664 |         702 |             11 |
| 665 |         702 |             26 |
| 667 |         709 |             25 |
| 669 |         720 |             12 |
| 670 |         720 |             13 |
| 671 |         720 |             25 |
+-----+-------------+----------------+
