+-----+-------------+-----------------+
| id  | exercise_id | exercisetype_id |
+-----+-------------+-----------------+
|   1 |           2 |               1 |
|   2 |           3 |               1 |
|   3 |           4 |               1 |
|   4 |           5 |               1 |
|   5 |           6 |               1 |
|   6 |           7 |               1 |
|   7 |           8 |               1 |
|   8 |           9 |               1 |
|   9 |          10 |               1 |
|  10 |          11 |               1 |
|  11 |          12 |               1 |
|  12 |          13 |               1 |
|  14 |          15 |               1 |
|  15 |          16 |               1 |
|  16 |          17 |               1 |
|  17 |          18 |               1 |
|  18 |          19 |               1 |
|  19 |          20 |               1 |
|  20 |          21 |               1 |
|  21 |          22 |               1 |
|  25 |          26 |               3 |
|  26 |          27 |               3 |
|  27 |          28 |               3 |
|  28 |          29 |               3 |
|  29 |          30 |               3 |
|  30 |          31 |               3 |
|  31 |          32 |               1 |
|  32 |          33 |               3 |
|  33 |          34 |               3 |
|  34 |          35 |               1 |
|  35 |          36 |               3 |
|  36 |          37 |               2 |
|  37 |          38 |               2 |
| 664 |          39 |               3 |
|  39 |          40 |               2 |
|  40 |          41 |               1 |
| 621 |          42 |               3 |
|  42 |          43 |               3 |
|  43 |          44 |               3 |
|  44 |          45 |               1 |
|  45 |          46 |               1 |
|  46 |          47 |               1 |
|  47 |          48 |               1 |
|  48 |          49 |               1 |
|  49 |          50 |               1 |
|  50 |          51 |               1 |
|  51 |          52 |               1 |
| 741 |         650 |               1 |
|  53 |          54 |               1 |
|  54 |          55 |               1 |
|  55 |          56 |               1 |
|  56 |          57 |               1 |
|  57 |          58 |               1 |
|  58 |          59 |               1 |
|  59 |          60 |               1 |
|  60 |          61 |               1 |
|  61 |          62 |               1 |
|  62 |         202 |               1 |
|  64 |          65 |               1 |
|  65 |          66 |               1 |
|  66 |          67 |               1 |
|  67 |          68 |               1 |
|  68 |          69 |               1 |
|  69 |          70 |               1 |
|  70 |          71 |               1 |
|  71 |          72 |               1 |
|  72 |          73 |               1 |
|  73 |          74 |               1 |
|  74 |          75 |               1 |
|  75 |          76 |               1 |
|  76 |          77 |               1 |
|  77 |         203 |               1 |
|  79 |          80 |               1 |
|  80 |          81 |               1 |
|  81 |          83 |               1 |
|  82 |          84 |               1 |
|  83 |          86 |               1 |
|  84 |          87 |               1 |
|  86 |          89 |               1 |
|  87 |          90 |               1 |
|  88 |          91 |               1 |
|  89 |          92 |               1 |
|  90 |         206 |               1 |
|  91 |          94 |               1 |
|  92 |          95 |               1 |
|  93 |          96 |               1 |
|  94 |          97 |               1 |
| 100 |         103 |               1 |
| 101 |         104 |               1 |
| 102 |         105 |               1 |
| 103 |         106 |               1 |
| 105 |         108 |               1 |
| 107 |         110 |               1 |
| 108 |         111 |               1 |
| 109 |         112 |               1 |
| 110 |         113 |               1 |
| 111 |         114 |               1 |
| 112 |         115 |               1 |
| 113 |         116 |               1 |
| 115 |         118 |               1 |
| 116 |         119 |               1 |
| 117 |         120 |               1 |
| 120 |         123 |               1 |
| 121 |         124 |               1 |
| 122 |         125 |               1 |
| 123 |         126 |               1 |
| 124 |         127 |               1 |
| 125 |         128 |               1 |
| 126 |         129 |               1 |
| 127 |         130 |               1 |
| 128 |         131 |               1 |
| 129 |         132 |               1 |
| 130 |         133 |               1 |
| 131 |         134 |               1 |
| 132 |         135 |               1 |
| 133 |         136 |               1 |
| 134 |         205 |               1 |
| 135 |         138 |               1 |
| 136 |         139 |               1 |
| 138 |         141 |               1 |
| 139 |         142 |               1 |
| 140 |         143 |               1 |
| 142 |         145 |               1 |
| 143 |         146 |               1 |
| 144 |         147 |               1 |
| 146 |         149 |               1 |
| 147 |         150 |               1 |
| 148 |         151 |               1 |
| 149 |         152 |               1 |
| 151 |         154 |               1 |
| 152 |         155 |               1 |
| 153 |         156 |               1 |
| 154 |         158 |               1 |
| 155 |         159 |               1 |
| 156 |         160 |               1 |
| 157 |         161 |               1 |
| 159 |         163 |               1 |
| 470 |         464 |               4 |
| 163 |         167 |               1 |
| 164 |         168 |               1 |
| 166 |         170 |               1 |
| 167 |         171 |               1 |
| 168 |         172 |               1 |
| 169 |         173 |               1 |
| 170 |         174 |               1 |
| 744 |         182 |               1 |
| 174 |         179 |               1 |
| 175 |         180 |               1 |
| 176 |         181 |               1 |
| 769 |         183 |               4 |
| 179 |         184 |               1 |
| 180 |         185 |               4 |
| 747 |         651 |               1 |
| 182 |         187 |               1 |
| 183 |         188 |               1 |
| 184 |         189 |               1 |
| 185 |         190 |               1 |
| 186 |         191 |               1 |
| 632 |         192 |               3 |
| 634 |         193 |               3 |
| 189 |         194 |               3 |
| 190 |         195 |               3 |
| 191 |         196 |               1 |
| 192 |         197 |               1 |
| 193 |         198 |               1 |
| 194 |         199 |               1 |
| 195 |         200 |               1 |
| 196 |         204 |               1 |
| 702 |         614 |               3 |
| 198 |         208 |               1 |
| 199 |         209 |               1 |
| 200 |         210 |               1 |
| 201 |         211 |               1 |
| 202 |         212 |               3 |
| 633 |         213 |               3 |
| 204 |         214 |               1 |
| 206 |         217 |               3 |
| 207 |         218 |               3 |
| 208 |         219 |               3 |
| 209 |         220 |               1 |
| 726 |         635 |               2 |
| 211 |         222 |               1 |
| 212 |         223 |               1 |
| 361 |         225 |               2 |
| 698 |         226 |               2 |
| 619 |         227 |               2 |
| 216 |         228 |               2 |
| 217 |         229 |               2 |
| 218 |         230 |               1 |
| 219 |         231 |               1 |
| 220 |         232 |               1 |
| 221 |         233 |               1 |
| 222 |         234 |               1 |
| 223 |         235 |               1 |
| 224 |         236 |               1 |
| 225 |         237 |               2 |
| 226 |         238 |               2 |
| 227 |         239 |               2 |
| 228 |         240 |               2 |
| 229 |         241 |               2 |
| 231 |         243 |               2 |
| 232 |         244 |               2 |
| 233 |         245 |               2 |
| 234 |         246 |               2 |
| 235 |         247 |               2 |
| 236 |         248 |               2 |
| 237 |         249 |               2 |
| 238 |         250 |               2 |
| 239 |         251 |               2 |
| 240 |         252 |               2 |
| 241 |         253 |               2 |
| 242 |         254 |               2 |
| 243 |         255 |               2 |
| 244 |         256 |               2 |
| 245 |         257 |               2 |
| 727 |         636 |               2 |
| 247 |         261 |               1 |
| 248 |         262 |               1 |
| 738 |         647 |               1 |
| 250 |         348 |               4 |
| 251 |         267 |               1 |
| 252 |         268 |               1 |
| 253 |         269 |               1 |
| 254 |         270 |               1 |
| 255 |         271 |               1 |
| 256 |         272 |               1 |
| 257 |         273 |               1 |
| 259 |         275 |               1 |
| 260 |         276 |               1 |
| 261 |         277 |               1 |
| 263 |         279 |               1 |
| 264 |         281 |               1 |
| 265 |         282 |               1 |
| 266 |         283 |               1 |
| 267 |         284 |               1 |
| 268 |         286 |               1 |
| 269 |         288 |               2 |
| 270 |         289 |               1 |
| 271 |         290 |               1 |
| 272 |         291 |               1 |
| 273 |         292 |               1 |
| 274 |         293 |               1 |
| 275 |         294 |               1 |
| 276 |         295 |               3 |
| 277 |         296 |               3 |
| 278 |         297 |               1 |
| 279 |         298 |               1 |
| 280 |         299 |               1 |
| 281 |         300 |               1 |
| 282 |         301 |               1 |
| 283 |         302 |               1 |
| 284 |         303 |               1 |
| 285 |         304 |               1 |
| 289 |         308 |               1 |
| 290 |         309 |               1 |
| 291 |         310 |               1 |
| 292 |         311 |               4 |
| 293 |         312 |               4 |
| 295 |         314 |               4 |
| 296 |         315 |               4 |
| 297 |         316 |               4 |
| 298 |         317 |               4 |
| 299 |         318 |               4 |
| 300 |         319 |               4 |
| 301 |         320 |               4 |
| 302 |         321 |               4 |
| 303 |         322 |               4 |
| 304 |         323 |               4 |
| 305 |         324 |               4 |
| 306 |         325 |               4 |
| 307 |         326 |               4 |
| 308 |         327 |               4 |
| 309 |         328 |               4 |
| 310 |         329 |               4 |
| 312 |         331 |               4 |
| 314 |         333 |               4 |
| 315 |         334 |               4 |
| 316 |         335 |               4 |
| 317 |         336 |               4 |
| 318 |         337 |               4 |
| 319 |         338 |               4 |
| 320 |         339 |               4 |
| 321 |         340 |               4 |
| 322 |         341 |               4 |
| 323 |         342 |               4 |
| 324 |         343 |               4 |
| 326 |         345 |               4 |
| 327 |         346 |               4 |
| 328 |         347 |               4 |
| 329 |         349 |               3 |
| 330 |         350 |               3 |
| 331 |         351 |               2 |
| 332 |         352 |               1 |
| 333 |         353 |               2 |
| 334 |         354 |               2 |
| 338 |         358 |               2 |
| 339 |         359 |               1 |
| 340 |         360 |               3 |
| 341 |         361 |               1 |
| 343 |         364 |               1 |
| 344 |         368 |               1 |
| 345 |         366 |               3 |
| 346 |         367 |               1 |
| 347 |         369 |               1 |
| 348 |         370 |               3 |
| 360 |         371 |               3 |
| 350 |         372 |               1 |
| 351 |         373 |               3 |
| 352 |         375 |               1 |
| 353 |         376 |               1 |
| 354 |         377 |               3 |
| 355 |         378 |               1 |
| 356 |         379 |               1 |
| 357 |         380 |               1 |
| 358 |         381 |               1 |
| 359 |         382 |               1 |
| 362 |         384 |               1 |
| 363 |         385 |               1 |
| 805 |         706 |               3 |
| 365 |         387 |               1 |
| 366 |         387 |               3 |
| 369 |         389 |               1 |
| 370 |         390 |               1 |
| 371 |         390 |               3 |
| 372 |         391 |               1 |
| 373 |         392 |               1 |
| 374 |         392 |               3 |
| 375 |         393 |               1 |
| 376 |         393 |               3 |
| 377 |         394 |               1 |
| 378 |         394 |               3 |
| 379 |         395 |               1 |
| 380 |         396 |               1 |
| 381 |         396 |               3 |
| 382 |         397 |               1 |
| 383 |         397 |               3 |
| 384 |         398 |               1 |
| 385 |         398 |               3 |
| 386 |         399 |               1 |
| 387 |         400 |               1 |
| 389 |         402 |               1 |
| 390 |         402 |               3 |
| 391 |         403 |               1 |
| 392 |         403 |               3 |
| 393 |         142 |               3 |
| 394 |         404 |               1 |
| 395 |         405 |               1 |
| 396 |         406 |               1 |
| 397 |         406 |               3 |
| 398 |         407 |               2 |
| 401 |         409 |               1 |
| 402 |         410 |               1 |
| 403 |         410 |               3 |
| 404 |         411 |               1 |
| 405 |         412 |               1 |
| 406 |         412 |               3 |
| 407 |         413 |               1 |
| 408 |         413 |               3 |
| 409 |         414 |               1 |
| 410 |         414 |               3 |
| 411 |         415 |               1 |
| 412 |         415 |               3 |
| 413 |         416 |               1 |
| 414 |         417 |               1 |
| 415 |         418 |               1 |
| 416 |         418 |               3 |
| 418 |         420 |               1 |
| 419 |         421 |               1 |
| 420 |         422 |               1 |
| 421 |         422 |               3 |
| 422 |         423 |               1 |
| 423 |         423 |               3 |
| 424 |         424 |               1 |
| 425 |         425 |               2 |
| 426 |         426 |               2 |
| 427 |         427 |               2 |
| 428 |         428 |               2 |
| 429 |         429 |               2 |
| 430 |         430 |               2 |
| 431 |         431 |               2 |
| 432 |         432 |               2 |
| 433 |         433 |               2 |
| 434 |         434 |               2 |
| 435 |         435 |               3 |
| 437 |         437 |               3 |
| 438 |         438 |               3 |
| 439 |         439 |               3 |
| 440 |         440 |               3 |
| 441 |         441 |               3 |
| 442 |         442 |               3 |
| 444 |         444 |               2 |
| 445 |         445 |               2 |
| 446 |         446 |               2 |
| 447 |         447 |               2 |
| 448 |         446 |               3 |
| 449 |         445 |               3 |
| 450 |         444 |               3 |
| 452 |         447 |               3 |
| 453 |         448 |               2 |
| 454 |         449 |               3 |
| 455 |         450 |               3 |
| 458 |         453 |               1 |
| 459 |         454 |               1 |
| 460 |         455 |               2 |
| 462 |         457 |               2 |
| 463 |         458 |               2 |
| 464 |         459 |               2 |
| 465 |         460 |               2 |
| 466 |         461 |               2 |
| 467 |         462 |               2 |
| 468 |         463 |               2 |
| 471 |         465 |               4 |
| 776 |         680 |               4 |
| 473 |         467 |               4 |
| 474 |         468 |               4 |
| 475 |         469 |               4 |
| 476 |         470 |               4 |
| 477 |         471 |               4 |
| 478 |         472 |               4 |
| 479 |         473 |               4 |
| 480 |         474 |               4 |
| 481 |         475 |               4 |
| 482 |         476 |               4 |
| 483 |         477 |               1 |
| 484 |         478 |               3 |
| 485 |         479 |               3 |
| 486 |         480 |               3 |
| 487 |         481 |               1 |
| 488 |         482 |               1 |
| 489 |         483 |               2 |
| 490 |         484 |               2 |
| 491 |         485 |               2 |
| 492 |         486 |               2 |
| 493 |         487 |               2 |
| 494 |         488 |               2 |
| 495 |         489 |               2 |
| 496 |         490 |               2 |
| 497 |         491 |               2 |
| 498 |         492 |               2 |
| 499 |         493 |               2 |
| 500 |         494 |               2 |
| 501 |         495 |               2 |
| 503 |         497 |               4 |
| 504 |         498 |               4 |
| 505 |         499 |               1 |
| 506 |         500 |               2 |
| 507 |         501 |               1 |
| 508 |         502 |               1 |
| 509 |         503 |               1 |
| 510 |         504 |               1 |
| 511 |         505 |               1 |
| 512 |         506 |               1 |
| 740 |         649 |               1 |
| 514 |         508 |               1 |
| 517 |         511 |               1 |
| 518 |         512 |               1 |
| 519 |         513 |               1 |
| 521 |         515 |               1 |
| 522 |         516 |               1 |
| 523 |         517 |               1 |
| 524 |         518 |               1 |
| 525 |         519 |               1 |
| 526 |         520 |               1 |
| 527 |         521 |               1 |
| 528 |         522 |               1 |
| 529 |         523 |               1 |
| 530 |         524 |               1 |
| 531 |         525 |               1 |
| 532 |         526 |               1 |
| 533 |         524 |               3 |
| 534 |         526 |               3 |
| 535 |         525 |               3 |
| 536 |         132 |               3 |
| 537 |         527 |               1 |
| 538 |         527 |               3 |
| 539 |         528 |               1 |
| 540 |         528 |               3 |
| 541 |         529 |               1 |
| 542 |         529 |               3 |
| 543 |         530 |               1 |
| 544 |         530 |               3 |
| 546 |         531 |               1 |
| 547 |         531 |               3 |
| 548 |         532 |               1 |
| 549 |         533 |               1 |
| 550 |         534 |               1 |
| 551 |         535 |               1 |
| 552 |         536 |               1 |
| 553 |         537 |               1 |
| 554 |         537 |               3 |
| 555 |         538 |               1 |
| 556 |         538 |               3 |
| 557 |         539 |               1 |
| 558 |         540 |               1 |
| 559 |         541 |               1 |
| 560 |         542 |               1 |
| 561 |         543 |               1 |
| 562 |         544 |               1 |
| 563 |         545 |               1 |
| 564 |         546 |               1 |
| 565 |         547 |               1 |
| 566 |         548 |               1 |
| 567 |         549 |               1 |
| 568 |         550 |               1 |
| 569 |         551 |               1 |
| 570 |         552 |               1 |
| 571 |         553 |               1 |
| 572 |         554 |               1 |
| 573 |         555 |               1 |
| 575 |         557 |               3 |
| 576 |         558 |               1 |
| 577 |         559 |               1 |
| 578 |         559 |               3 |
| 579 |         560 |               1 |
| 580 |         560 |               3 |
| 581 |         561 |               1 |
| 582 |         561 |               3 |
| 585 |         563 |               1 |
| 586 |         563 |               3 |
| 587 |         564 |               1 |
| 588 |         564 |               3 |
| 589 |         565 |               3 |
| 591 |         567 |               1 |
| 592 |         568 |               1 |
| 593 |         569 |               1 |
| 594 |         570 |               3 |
| 599 |         574 |               1 |
| 613 |         575 |               4 |
| 601 |         576 |               3 |
| 609 |         584 |               3 |
| 610 |         585 |               1 |
| 611 |         585 |               3 |
| 612 |         586 |               4 |
| 614 |         587 |               2 |
| 615 |         588 |               1 |
| 616 |         589 |               2 |
| 617 |         590 |               1 |
| 618 |         591 |               2 |
| 620 |         592 |               1 |
| 622 |          54 |               3 |
| 623 |         202 |               3 |
| 625 |         523 |               3 |
| 626 |         126 |               3 |
| 627 |         125 |               3 |
| 628 |          10 |               3 |
| 679 |         593 |               3 |
| 631 |          55 |               3 |
| 635 |          52 |               3 |
| 636 |          51 |               3 |
| 637 |         210 |               3 |
| 638 |          56 |               3 |
| 639 |          49 |               3 |
| 640 |          48 |               3 |
| 642 |         508 |               3 |
| 643 |          65 |               3 |
| 645 |          76 |               3 |
| 646 |          75 |               3 |
| 647 |          74 |               3 |
| 648 |          67 |               3 |
| 649 |          68 |               3 |
| 650 |          69 |               3 |
| 651 |         105 |               3 |
| 812 |         682 |               3 |
| 653 |          86 |               3 |
| 654 |          32 |               3 |
| 655 |         135 |               3 |
| 656 |         277 |               3 |
| 657 |         220 |               3 |
| 658 |         141 |               3 |
| 739 |         648 |               1 |
| 660 |         289 |               3 |
| 661 |         367 |               3 |
| 662 |         286 |               3 |
| 663 |         223 |               3 |
| 665 |          39 |               1 |
| 666 |          28 |               1 |
| 667 |          35 |               3 |
| 668 |         222 |               3 |
| 669 |         370 |               1 |
| 670 |          41 |               3 |
| 671 |           4 |               3 |
| 672 |         584 |               1 |
| 673 |          46 |               3 |
| 674 |          22 |               3 |
| 675 |          15 |               3 |
| 676 |          26 |               1 |
| 677 |          44 |               1 |
| 678 |          43 |               1 |
| 680 |         594 |               3 |
| 681 |         595 |               1 |
| 682 |         595 |               3 |
| 683 |         596 |               1 |
| 684 |         597 |               1 |
| 685 |         598 |               3 |
| 686 |         599 |               3 |
| 687 |         600 |               2 |
| 688 |         601 |               2 |
| 689 |         602 |               2 |
| 690 |         603 |               3 |
| 691 |         604 |               1 |
| 692 |         605 |               1 |
| 693 |         606 |               2 |
| 694 |         607 |               2 |
| 695 |         608 |               2 |
| 696 |         609 |               2 |
| 697 |         610 |               2 |
| 699 |         611 |               2 |
| 700 |         612 |               2 |
| 701 |         613 |               1 |
| 703 |         615 |               3 |
| 704 |         616 |               1 |
| 705 |         617 |               2 |
| 706 |         618 |               2 |
| 707 |         618 |               3 |
| 708 |         619 |               2 |
| 709 |         620 |               2 |
| 710 |         621 |               2 |
| 711 |         622 |               1 |
| 712 |         623 |               1 |
| 713 |         624 |               1 |
| 714 |         625 |               1 |
| 715 |         626 |               1 |
| 716 |         627 |               1 |
| 717 |         628 |               1 |
| 718 |         629 |               2 |
| 719 |         630 |               2 |
| 720 |         630 |               3 |
| 721 |         631 |               2 |
| 722 |         631 |               3 |
| 723 |         632 |               2 |
| 724 |         633 |               1 |
| 725 |         634 |               1 |
| 728 |         637 |               2 |
| 729 |         638 |               2 |
| 730 |         639 |               2 |
| 731 |         640 |               2 |
| 732 |         641 |               2 |
| 733 |         642 |               2 |
| 734 |         643 |               2 |
| 735 |         644 |               2 |
| 736 |         645 |               2 |
| 737 |         646 |               2 |
| 742 |         176 |               1 |
| 748 |         652 |               1 |
| 749 |         653 |               1 |
| 750 |         654 |               1 |
| 751 |         655 |               1 |
| 752 |         657 |               1 |
| 753 |         658 |               1 |
| 754 |         659 |               1 |
| 755 |         660 |               1 |
| 756 |         661 |               1 |
| 757 |         662 |               1 |
| 758 |         663 |               1 |
| 759 |         664 |               1 |
| 760 |         665 |               1 |
| 761 |         666 |               1 |
| 762 |         667 |               1 |
| 763 |         668 |               1 |
| 764 |         669 |               1 |
| 765 |         670 |               1 |
| 766 |         671 |               1 |
| 770 |         674 |               3 |
| 768 |         673 |               1 |
| 771 |         675 |               3 |
| 772 |         676 |               1 |
| 773 |         677 |               3 |
| 774 |         678 |               1 |
| 775 |         679 |               4 |
| 777 |         681 |               3 |
| 778 |         682 |               1 |
| 779 |         683 |               1 |
| 780 |         683 |               3 |
| 781 |         684 |               4 |
| 782 |         685 |               4 |
| 783 |         686 |               1 |
| 784 |         687 |               1 |
| 785 |         688 |               1 |
| 786 |         689 |               1 |
| 787 |         690 |               3 |
| 788 |         691 |               1 |
| 789 |         692 |               1 |
| 790 |         693 |               1 |
| 791 |         694 |               3 |
| 792 |         695 |               3 |
| 793 |         696 |               4 |
| 794 |         697 |               1 |
| 795 |         698 |               1 |
| 796 |         698 |               3 |
| 797 |         699 |               1 |
| 798 |         699 |               3 |
| 799 |         700 |               4 |
| 800 |         701 |               1 |
| 801 |         702 |               1 |
| 802 |         703 |               1 |
| 803 |         704 |               1 |
| 804 |         705 |               1 |
| 806 |         707 |               1 |
| 807 |         708 |               1 |
| 808 |         709 |               1 |
| 809 |         710 |               1 |
| 810 |         711 |               1 |
| 811 |         712 |               1 |
| 813 |         713 |               1 |
| 814 |         714 |               1 |
| 815 |         715 |               1 |
| 816 |         716 |               1 |
| 818 |         718 |               1 |
| 819 |         719 |               1 |
| 820 |         719 |               3 |
| 821 |         720 |               1 |
+-----+-------------+-----------------+
