+------+-------------+----------+
| id   | exercise_id | phase_id |
+------+-------------+----------+
| 2302 |         262 |        4 |
| 2299 |         284 |        4 |
| 2300 |         273 |        4 |
|  866 |          86 |        3 |
|  865 |          86 |        2 |
|  864 |          86 |        1 |
| 2265 |         253 |        3 |
| 2266 |         253 |        4 |
|  861 |          84 |        3 |
|  860 |          84 |        2 |
| 2267 |         254 |        2 |
|  858 |          83 |        5 |
|  857 |          83 |        4 |
|  856 |          83 |        3 |
|  855 |          83 |        2 |
| 2226 |          10 |        1 |
|  846 |          81 |        3 |
|  845 |          81 |        2 |
|  841 |          80 |        3 |
|  881 |          89 |        3 |
|  880 |          89 |        2 |
| 2334 |         378 |        3 |
| 3335 |         682 |        1 |
| 3336 |         682 |        2 |
| 2254 |          87 |        4 |
| 3144 |         647 |        3 |
|  871 |          87 |        3 |
|  870 |          87 |        2 |
|  840 |          80 |        2 |
|  833 |         203 |        5 |
|  832 |         203 |        4 |
| 2253 |         203 |        3 |
|  826 |          77 |        3 |
|  820 |          76 |        2 |
|  816 |          75 |        3 |
|  815 |          75 |        2 |
| 2187 |          69 |        1 |
| 2188 |          71 |        2 |
|  811 |          74 |        3 |
|  810 |          74 |        2 |
|  809 |          74 |        1 |
|  806 |          73 |        3 |
|  801 |          72 |        3 |
|  672 |          46 |        4 |
|  671 |          46 |        3 |
|  670 |          46 |        2 |
|  669 |          46 |        1 |
|  796 |          71 |        3 |
|  791 |          70 |        3 |
|  786 |          69 |        3 |
|  785 |          69 |        2 |
|  781 |          68 |        3 |
|  780 |          68 |        2 |
|  776 |          67 |        3 |
|  775 |          67 |        2 |
|  771 |          66 |        3 |
|  766 |          65 |        3 |
| 2090 |         211 |        4 |
|  756 |         202 |        3 |
|  755 |         202 |        2 |
|  751 |          62 |        3 |
|  750 |          62 |        2 |
|  746 |          61 |        3 |
|  745 |          61 |        2 |
|  742 |          60 |        4 |
|  741 |          60 |        3 |
|  740 |          60 |        2 |
|  736 |          59 |        3 |
|  735 |          59 |        2 |
|  732 |          58 |        4 |
|  731 |          58 |        3 |
|  730 |          58 |        2 |
|  726 |          57 |        3 |
|  725 |          57 |        2 |
| 2133 |         210 |        1 |
|  721 |          56 |        3 |
|  720 |          56 |        2 |
| 2134 |         202 |        1 |
| 2091 |         211 |        5 |
|  716 |          55 |        3 |
|  715 |          55 |        2 |
| 2093 |         132 |        5 |
|  711 |          54 |        3 |
| 3153 |         650 |        3 |
|  710 |          54 |        2 |
| 3152 |         650 |        2 |
| 2125 |          62 |        5 |
| 2126 |          61 |        1 |
|  701 |          52 |        3 |
|  700 |          52 |        2 |
|  699 |          52 |        1 |
| 2127 |          60 |        5 |
| 2092 |         132 |        4 |
|  696 |          51 |        3 |
|  695 |          51 |        2 |
|  694 |          51 |        1 |
| 2128 |          59 |        1 |
| 2129 |          58 |        5 |
|  691 |          50 |        3 |
|  690 |          50 |        2 |
| 3151 |         650 |        1 |
| 2130 |          57 |        4 |
| 2131 |          57 |        5 |
|  684 |          49 |        1 |
| 2231 |          55 |        1 |
| 2232 |          54 |        1 |
|  681 |          48 |        3 |
|  680 |          48 |        2 |
|  679 |          48 |        1 |
| 2132 |          56 |        1 |
|  676 |          47 |        3 |
|  675 |          47 |        2 |
|  673 |          46 |        5 |
|  665 |          45 |        2 |
| 2121 |          45 |        3 |
|  660 |          44 |        2 |
|  659 |          44 |        1 |
|  655 |          43 |        2 |
|  654 |          43 |        1 |
|  650 |          42 |        2 |
|  649 |          42 |        1 |
|  645 |          41 |        2 |
|  644 |          41 |        1 |
|  643 |          40 |        5 |
| 2227 |          10 |        4 |
| 2228 |          10 |        5 |
|  635 |          39 |        2 |
|  634 |          39 |        1 |
|  633 |          38 |        5 |
|  628 |          37 |        5 |
|  620 |          36 |        2 |
|  619 |          36 |        1 |
|  615 |          35 |        2 |
|  614 |          35 |        1 |
|  610 |          34 |        2 |
|  609 |          34 |        1 |
|  605 |          33 |        2 |
|  604 |          33 |        1 |
|  600 |          32 |        2 |
|  599 |          32 |        1 |
|  595 |          31 |        2 |
|  594 |          31 |        1 |
|  590 |          30 |        2 |
|  589 |          30 |        1 |
|  584 |          29 |        1 |
|  585 |          29 |        2 |
|  580 |          28 |        2 |
|  579 |          28 |        1 |
|  575 |          27 |        2 |
|  574 |          27 |        1 |
|  570 |          26 |        2 |
|  569 |          26 |        1 |
| 2258 |         249 |        4 |
| 2259 |         250 |        2 |
| 2260 |         250 |        3 |
|  550 |          22 |        2 |
|  549 |          22 |        1 |
| 2225 |           4 |        1 |
|  551 |          22 |        3 |
| 2230 |          12 |        5 |
|  546 |          21 |        3 |
|  545 |          21 |        2 |
| 1838 |          17 |        5 |
|  541 |          20 |        3 |
|  536 |          19 |        3 |
|  535 |          19 |        2 |
|  533 |          18 |        5 |
|  532 |          18 |        4 |
|  686 |          49 |        3 |
|  685 |          49 |        2 |
|  521 |          16 |        3 |
|  520 |          16 |        2 |
|  516 |          15 |        3 |
|  515 |          15 |        2 |
|  514 |          15 |        1 |
|  506 |          13 |        3 |
|  505 |          13 |        2 |
|  501 |          12 |        3 |
|  500 |          12 |        2 |
|  498 |          11 |        5 |
|  497 |          11 |        4 |
|  496 |          11 |        3 |
|  495 |          11 |        2 |
|  491 |          10 |        3 |
|  490 |          10 |        2 |
|  486 |           9 |        3 |
|  485 |           9 |        2 |
|  481 |           8 |        3 |
|  480 |           8 |        2 |
|  476 |           7 |        3 |
|  475 |           7 |        2 |
|  471 |           6 |        3 |
|  470 |           6 |        2 |
|  466 |           5 |        3 |
|  465 |           5 |        2 |
|  461 |           4 |        3 |
|  460 |           4 |        2 |
|  527 |          17 |        4 |
|  526 |          17 |        3 |
|  525 |          17 |        2 |
|  456 |           3 |        3 |
|  451 |           2 |        3 |
|  531 |          18 |        3 |
|  530 |          18 |        2 |
| 2332 |         247 |        4 |
| 2303 |         261 |        4 |
| 2337 |         379 |        2 |
|  885 |          90 |        2 |
|  886 |          90 |        3 |
| 2336 |         378 |        5 |
| 2335 |         378 |        4 |
|  890 |          91 |        2 |
|  891 |          91 |        3 |
| 2338 |         379 |        3 |
| 2343 |         380 |        4 |
|  895 |          92 |        2 |
|  896 |          92 |        3 |
| 2342 |         380 |        3 |
| 2341 |         380 |        2 |
|  900 |         206 |        2 |
|  901 |         206 |        3 |
|  902 |         206 |        4 |
|  905 |          94 |        2 |
|  906 |          94 |        3 |
|  907 |          94 |        4 |
|  908 |          94 |        5 |
| 2346 |         381 |        3 |
|  910 |          95 |        2 |
|  911 |          95 |        3 |
| 2345 |         381 |        2 |
| 2344 |         380 |        5 |
| 2270 |         255 |        2 |
|  915 |          96 |        2 |
|  916 |          96 |        3 |
| 2269 |         254 |        4 |
| 2268 |         254 |        3 |
| 2273 |         248 |        3 |
|  920 |          97 |        2 |
|  921 |          97 |        3 |
| 2272 |         255 |        4 |
| 2271 |         255 |        3 |
| 2330 |         247 |        2 |
| 2331 |         247 |        3 |
| 2275 |         246 |        2 |
| 2274 |         248 |        4 |
| 2352 |         382 |        5 |
| 2277 |         246 |        4 |
| 2276 |         246 |        3 |
| 2293 |         244 |        3 |
|  950 |         103 |        2 |
|  951 |         103 |        3 |
|  952 |         103 |        4 |
| 2292 |         243 |        4 |
|  955 |         104 |        2 |
|  956 |         104 |        3 |
|  959 |         105 |        1 |
|  960 |         105 |        2 |
|  961 |         105 |        3 |
| 2351 |         382 |        4 |
| 2350 |         382 |        3 |
| 2349 |         382 |        2 |
|  965 |         106 |        2 |
|  966 |         106 |        3 |
| 2348 |         381 |        5 |
| 2347 |         381 |        4 |
| 2285 |         241 |        2 |
| 2284 |         240 |        4 |
| 2282 |         239 |        4 |
|  975 |         108 |        2 |
|  976 |         108 |        3 |
| 2287 |         241 |        4 |
| 2286 |         241 |        3 |
| 2291 |         243 |        3 |
| 2290 |         243 |        2 |
| 2295 |         245 |        2 |
|  985 |         110 |        2 |
|  986 |         110 |        3 |
|  987 |         110 |        4 |
| 2294 |         244 |        4 |
| 2298 |         310 |        4 |
|  990 |         111 |        2 |
|  991 |         111 |        3 |
| 2297 |         245 |        4 |
| 2296 |         245 |        3 |
| 2264 |         252 |        4 |
|  995 |         112 |        2 |
|  996 |         112 |        3 |
|  997 |         112 |        4 |
| 2263 |         252 |        3 |
| 1001 |         113 |        3 |
| 1006 |         114 |        3 |
| 2212 |         283 |        5 |
| 2211 |         283 |        4 |
| 1011 |         115 |        3 |
| 2030 |         349 |        2 |
| 1016 |         116 |        3 |
| 1026 |         118 |        3 |
| 1031 |         119 |        3 |
| 1036 |         120 |        3 |
| 2210 |         283 |        3 |
| 2209 |         283 |        2 |
| 1051 |         123 |        3 |
| 2208 |         282 |        3 |
| 2207 |         281 |        3 |
| 1056 |         124 |        3 |
| 1057 |         124 |        4 |
| 1060 |         125 |        2 |
| 1061 |         125 |        3 |
| 1062 |         125 |        4 |
| 1065 |         126 |        2 |
| 1066 |         126 |        3 |
| 1828 |         133 |        5 |
| 1071 |         127 |        3 |
| 1072 |         127 |        4 |
| 1073 |         127 |        5 |
| 2105 |         203 |        2 |
| 1075 |         128 |        2 |
| 1076 |         128 |        3 |
| 1077 |         128 |        4 |
| 1078 |         128 |        5 |
| 1080 |         129 |        2 |
| 1081 |         129 |        3 |
| 1082 |         129 |        4 |
| 1083 |         129 |        5 |
| 2096 |         206 |        5 |
| 1085 |         130 |        2 |
| 1086 |         130 |        3 |
| 1087 |         130 |        4 |
| 1088 |         130 |        5 |
| 1090 |         131 |        2 |
| 1091 |         131 |        3 |
| 1095 |         132 |        2 |
| 1096 |         132 |        3 |
| 1100 |         133 |        2 |
| 1101 |         133 |        3 |
| 1102 |         133 |        4 |
| 1105 |         134 |        2 |
| 1106 |         134 |        3 |
| 2222 |         135 |        1 |
| 1108 |         134 |        5 |
| 1110 |         135 |        2 |
| 1111 |         135 |        3 |
| 2223 |         366 |        1 |
| 2998 |         593 |        2 |
| 1115 |         136 |        2 |
| 1116 |         136 |        3 |
| 1117 |         136 |        4 |
| 1118 |         136 |        5 |
| 1120 |         205 |        2 |
| 1121 |         205 |        3 |
| 1122 |         205 |        4 |
| 1125 |         138 |        2 |
| 1126 |         138 |        3 |
| 1129 |         139 |        1 |
| 1130 |         139 |        2 |
| 1131 |         139 |        3 |
| 3147 |         648 |        3 |
| 3146 |         647 |        5 |
| 3145 |         647 |        4 |
| 1139 |         141 |        1 |
| 1140 |         141 |        2 |
| 1141 |         141 |        3 |
| 1142 |         141 |        4 |
| 1143 |         141 |        5 |
| 2243 |         289 |        1 |
| 1145 |         142 |        2 |
| 1146 |         142 |        3 |
| 1147 |         142 |        4 |
| 1148 |         142 |        5 |
| 2251 |         309 |        4 |
| 1150 |         143 |        2 |
| 1151 |         143 |        3 |
| 1152 |         143 |        4 |
| 1153 |         143 |        5 |
| 2203 |         297 |        5 |
| 1161 |         145 |        3 |
| 2029 |         349 |        1 |
| 1163 |         145 |        5 |
| 1165 |         146 |        2 |
| 1166 |         146 |        3 |
| 1167 |         146 |        4 |
| 1168 |         146 |        5 |
| 1170 |         147 |        2 |
| 1171 |         147 |        3 |
| 1172 |         147 |        4 |
| 1173 |         147 |        5 |
| 1180 |         149 |        2 |
| 1181 |         149 |        3 |
| 1182 |         149 |        4 |
| 1183 |         149 |        5 |
| 2184 |          76 |        1 |
| 1185 |         150 |        2 |
| 1186 |         150 |        3 |
| 1187 |         150 |        4 |
| 1188 |         150 |        5 |
| 1190 |         151 |        2 |
| 1191 |         151 |        3 |
| 1192 |         151 |        4 |
| 1193 |         151 |        5 |
| 1195 |         152 |        2 |
| 1196 |         152 |        3 |
| 1197 |         152 |        4 |
| 1198 |         152 |        5 |
| 2183 |          77 |        2 |
| 2185 |          76 |        3 |
| 1205 |         154 |        2 |
| 1206 |         154 |        3 |
| 1207 |         154 |        4 |
| 1208 |         154 |        5 |
| 1210 |         155 |        2 |
| 1211 |         155 |        3 |
| 1212 |         155 |        4 |
| 1213 |         155 |        5 |
| 2186 |          75 |        1 |
| 1215 |         156 |        2 |
| 1216 |         156 |        3 |
| 1217 |         156 |        4 |
| 1218 |         156 |        5 |
| 1219 |         158 |        1 |
| 1220 |         158 |        2 |
| 1221 |         158 |        3 |
| 1222 |         158 |        4 |
| 1223 |         158 |        5 |
| 1225 |         159 |        2 |
| 1226 |         159 |        3 |
| 1227 |         159 |        4 |
| 1228 |         159 |        5 |
| 1230 |         160 |        2 |
| 1231 |         160 |        3 |
| 1232 |         160 |        4 |
| 1233 |         160 |        5 |
| 2310 |         272 |        1 |
| 1235 |         161 |        2 |
| 1236 |         161 |        3 |
| 1237 |         161 |        4 |
| 1238 |         161 |        5 |
| 2245 |         290 |        4 |
| 1245 |         163 |        2 |
| 1246 |         163 |        3 |
| 1247 |         163 |        4 |
| 1248 |         163 |        5 |
| 2574 |         464 |        1 |
| 2262 |         251 |        4 |
| 1265 |         167 |        2 |
| 1266 |         167 |        3 |
| 1267 |         167 |        4 |
| 1268 |         167 |        5 |
| 1270 |         168 |        2 |
| 1271 |         168 |        3 |
| 1272 |         168 |        4 |
| 1273 |         168 |        5 |
| 1280 |         170 |        2 |
| 1281 |         170 |        3 |
| 1282 |         170 |        4 |
| 1283 |         170 |        5 |
| 1285 |         171 |        2 |
| 1286 |         171 |        3 |
| 1287 |         171 |        4 |
| 1288 |         171 |        5 |
| 2246 |         290 |        5 |
| 1290 |         172 |        2 |
| 1291 |         172 |        3 |
| 1292 |         172 |        4 |
| 1293 |         172 |        5 |
| 1295 |         173 |        2 |
| 1296 |         173 |        3 |
| 1297 |         173 |        4 |
| 1298 |         173 |        5 |
| 1300 |         174 |        2 |
| 1301 |         174 |        3 |
| 1302 |         174 |        4 |
| 1303 |         174 |        5 |
| 1309 |         176 |        1 |
| 1310 |         176 |        2 |
| 1311 |         176 |        3 |
| 1312 |         176 |        4 |
| 1313 |         176 |        5 |
| 2123 |          45 |        5 |
| 2252 |         309 |        5 |
| 1325 |         179 |        2 |
| 1326 |         179 |        3 |
| 1327 |         179 |        4 |
| 1328 |         179 |        5 |
| 1330 |         180 |        2 |
| 1331 |         180 |        3 |
| 1332 |         180 |        4 |
| 1333 |         180 |        5 |
| 1335 |         181 |        2 |
| 1336 |         181 |        3 |
| 1337 |         181 |        4 |
| 1338 |         181 |        5 |
| 1339 |         182 |        1 |
| 1340 |         182 |        2 |
| 1341 |         182 |        3 |
| 1342 |         182 |        4 |
| 1343 |         182 |        5 |
| 1344 |         183 |        1 |
| 1345 |         183 |        2 |
| 1346 |         183 |        3 |
| 1347 |         183 |        4 |
| 1348 |         183 |        5 |
| 2317 |         375 |        4 |
| 1350 |         184 |        2 |
| 1351 |         184 |        3 |
| 1352 |         184 |        4 |
| 1353 |         184 |        5 |
| 1354 |         185 |        1 |
| 1355 |         185 |        2 |
| 1356 |         185 |        3 |
| 1357 |         185 |        4 |
| 1358 |         185 |        5 |
| 1365 |         187 |        2 |
| 1366 |         187 |        3 |
| 1367 |         187 |        4 |
| 1368 |         187 |        5 |
| 1370 |         188 |        2 |
| 1371 |         188 |        3 |
| 1372 |         188 |        4 |
| 1373 |         188 |        5 |
| 1375 |         189 |        2 |
| 1376 |         189 |        3 |
| 1377 |         189 |        4 |
| 1378 |         189 |        5 |
| 1380 |         190 |        2 |
| 1381 |         190 |        3 |
| 1382 |         190 |        4 |
| 1383 |         190 |        5 |
| 1385 |         191 |        2 |
| 1386 |         191 |        3 |
| 1387 |         191 |        4 |
| 1388 |         191 |        5 |
| 1389 |         192 |        1 |
| 1390 |         192 |        2 |
| 1391 |         192 |        3 |
| 1392 |         192 |        4 |
| 1393 |         192 |        5 |
| 1394 |         193 |        1 |
| 1395 |         193 |        2 |
| 1396 |         193 |        3 |
| 1397 |         193 |        4 |
| 1398 |         193 |        5 |
| 1399 |         194 |        1 |
| 1400 |         194 |        2 |
| 2326 |         377 |        3 |
| 2325 |         377 |        2 |
| 2324 |         377 |        1 |
| 1404 |         195 |        1 |
| 1405 |         195 |        2 |
| 2328 |         377 |        5 |
| 2327 |         377 |        4 |
| 1409 |         196 |        1 |
| 1410 |         196 |        2 |
| 1411 |         196 |        3 |
| 1412 |         196 |        4 |
| 1413 |         196 |        5 |
| 1414 |         197 |        1 |
| 1415 |         197 |        2 |
| 1416 |         197 |        3 |
| 1417 |         197 |        4 |
| 1418 |         197 |        5 |
| 1419 |         198 |        1 |
| 1420 |         198 |        2 |
| 1421 |         198 |        3 |
| 1422 |         198 |        4 |
| 1423 |         198 |        5 |
| 1424 |         199 |        1 |
| 1425 |         199 |        2 |
| 1426 |         199 |        3 |
| 1427 |         199 |        4 |
| 1428 |         199 |        5 |
| 1430 |         200 |        2 |
| 1431 |         200 |        3 |
| 1432 |         200 |        4 |
| 1433 |         200 |        5 |
| 1435 |         204 |        2 |
| 1436 |         204 |        3 |
| 1437 |         204 |        4 |
| 1438 |         204 |        5 |
| 3060 |         614 |        2 |
| 3059 |         614 |        1 |
| 1445 |         208 |        2 |
| 1446 |         208 |        3 |
| 1447 |         208 |        4 |
| 1448 |         208 |        5 |
| 1450 |         209 |        2 |
| 1451 |         209 |        3 |
| 1452 |         209 |        4 |
| 1453 |         209 |        5 |
| 1455 |         210 |        2 |
| 1456 |         210 |        3 |
| 1460 |         211 |        2 |
| 1461 |         211 |        3 |
| 1464 |         212 |        1 |
| 1465 |         212 |        2 |
| 1466 |         212 |        3 |
| 1467 |         212 |        4 |
| 1468 |         212 |        5 |
| 1469 |         213 |        1 |
| 1470 |         213 |        2 |
| 1471 |         213 |        3 |
| 1472 |         213 |        4 |
| 1473 |         213 |        5 |
| 1475 |         214 |        2 |
| 1476 |         214 |        3 |
| 2316 |         375 |        3 |
| 2314 |         293 |        5 |
| 2313 |         272 |        5 |
| 2312 |         272 |        4 |
| 2311 |         272 |        3 |
| 1489 |         217 |        1 |
| 1494 |         218 |        1 |
| 1495 |         218 |        2 |
| 1496 |         218 |        3 |
| 1497 |         218 |        4 |
| 1498 |         218 |        5 |
| 2192 |          65 |        2 |
| 1500 |         219 |        2 |
| 1501 |         219 |        3 |
| 1502 |         219 |        4 |
| 1503 |         219 |        5 |
| 1504 |         220 |        1 |
| 1505 |         220 |        2 |
| 1506 |         220 |        3 |
| 1507 |         220 |        4 |
| 1508 |         220 |        5 |
| 2239 |         286 |        1 |
| 3134 |         638 |        5 |
| 3133 |         637 |        5 |
| 3132 |         636 |        5 |
| 3131 |         635 |        5 |
| 1514 |         222 |        1 |
| 1515 |         222 |        2 |
| 1519 |         223 |        1 |
| 1520 |         223 |        2 |
| 1521 |         223 |        3 |
| 1528 |         225 |        5 |
| 1533 |         226 |        5 |
| 3118 |         632 |        2 |
| 3119 |         632 |        3 |
| 2240 |         286 |        2 |
| 1538 |         227 |        5 |
| 2214 |         288 |        4 |
| 2213 |         288 |        3 |
| 1541 |         228 |        3 |
| 1542 |         228 |        4 |
| 1543 |         228 |        5 |
| 2238 |         279 |        5 |
| 2234 |         277 |        5 |
| 2233 |         277 |        3 |
| 1548 |         229 |        5 |
| 1550 |         230 |        2 |
| 1551 |         230 |        3 |
| 1552 |         230 |        4 |
| 1553 |         230 |        5 |
| 1555 |         231 |        2 |
| 1556 |         231 |        3 |
| 1557 |         231 |        4 |
| 1558 |         231 |        5 |
| 1560 |         232 |        2 |
| 1561 |         232 |        3 |
| 1562 |         232 |        4 |
| 1563 |         232 |        5 |
| 2250 |         309 |        3 |
| 1565 |         233 |        2 |
| 1566 |         233 |        3 |
| 1567 |         233 |        4 |
| 1568 |         233 |        5 |
| 1570 |         234 |        2 |
| 1571 |         234 |        3 |
| 1572 |         234 |        4 |
| 1573 |         234 |        5 |
| 1575 |         235 |        2 |
| 1576 |         235 |        3 |
| 1577 |         235 |        4 |
| 1578 |         235 |        5 |
| 2323 |         376 |        5 |
| 2322 |         376 |        4 |
| 2321 |         376 |        3 |
| 1582 |         236 |        4 |
| 1583 |         236 |        5 |
| 2278 |         237 |        3 |
| 1585 |         237 |        2 |
| 2280 |         238 |        4 |
| 2279 |         238 |        3 |
| 1590 |         238 |        2 |
| 1592 |         238 |        5 |
| 2281 |         239 |        3 |
| 1594 |         239 |        2 |
| 1596 |         239 |        5 |
| 2283 |         240 |        3 |
| 1598 |         240 |        2 |
| 1601 |         240 |        5 |
| 1602 |         241 |        5 |
| 1604 |         243 |        5 |
| 1605 |         244 |        5 |
| 1606 |         245 |        5 |
| 1607 |         246 |        5 |
| 1608 |         247 |        5 |
| 1609 |         248 |        5 |
| 1610 |         249 |        5 |
| 1611 |         250 |        5 |
| 1612 |         251 |        5 |
| 1613 |         252 |        5 |
| 1614 |         253 |        5 |
| 1615 |         254 |        5 |
| 1616 |         255 |        5 |
| 1617 |         256 |        5 |
| 1618 |         257 |        5 |
| 3136 |         640 |        5 |
| 3135 |         639 |        5 |
| 3055 |         611 |        5 |
| 1630 |         261 |        5 |
| 1631 |         262 |        5 |
| 3143 |         647 |        2 |
| 2027 |         348 |        4 |
| 2026 |         348 |        3 |
| 2025 |         348 |        2 |
| 2024 |         348 |        1 |
| 1648 |         267 |        2 |
| 1649 |         267 |        3 |
| 1650 |         267 |        4 |
| 1651 |         267 |        5 |
| 1653 |         268 |        2 |
| 1654 |         268 |        3 |
| 1655 |         268 |        4 |
| 1656 |         268 |        5 |
| 2333 |         378 |        2 |
| 1658 |         269 |        2 |
| 1659 |         269 |        3 |
| 1660 |         269 |        4 |
| 1661 |         269 |        5 |
| 1663 |         270 |        2 |
| 1664 |         270 |        3 |
| 1665 |         270 |        4 |
| 1666 |         270 |        5 |
| 1669 |         271 |        3 |
| 1673 |         272 |        2 |
| 1681 |         273 |        5 |
| 1688 |         275 |        2 |
| 1689 |         275 |        3 |
| 1693 |         276 |        2 |
| 1694 |         276 |        3 |
| 1697 |         277 |        1 |
| 1698 |         277 |        2 |
| 1700 |         277 |        4 |
| 2237 |         279 |        4 |
| 1707 |         279 |        2 |
| 1708 |         279 |        3 |
| 2320 |         376 |        2 |
| 2319 |         219 |        1 |
| 2318 |         375 |        5 |
| 1716 |         281 |        1 |
| 1717 |         281 |        2 |
| 1719 |         281 |        4 |
| 1720 |         281 |        5 |
| 1721 |         282 |        1 |
| 1722 |         282 |        2 |
| 1724 |         282 |        4 |
| 1725 |         282 |        5 |
| 1726 |         283 |        1 |
| 1731 |         284 |        5 |
| 2079 |         359 |        5 |
| 2078 |         359 |        4 |
| 2077 |         359 |        3 |
| 2076 |         359 |        2 |
| 2261 |         250 |        4 |
| 1739 |         286 |        3 |
| 2073 |          67 |        1 |
| 1747 |         288 |        5 |
| 1749 |         289 |        2 |
| 1754 |         290 |        2 |
| 1755 |         290 |        3 |
| 1758 |         291 |        2 |
| 1759 |         291 |        3 |
| 1763 |         292 |        2 |
| 1764 |         292 |        3 |
| 1767 |         293 |        2 |
| 1768 |         293 |        4 |
| 1771 |         294 |        2 |
| 1772 |         294 |        3 |
| 1774 |         295 |        1 |
| 1775 |         295 |        2 |
| 1779 |         296 |        1 |
| 1780 |         296 |        2 |
| 2202 |         297 |        3 |
| 2200 |         298 |        3 |
| 2199 |         299 |        5 |
| 1792 |         299 |        3 |
| 2198 |         300 |        5 |
| 1795 |         300 |        3 |
| 2197 |         301 |        5 |
| 1798 |         301 |        3 |
| 2201 |         298 |        5 |
| 2193 |         302 |        5 |
| 1801 |         302 |        3 |
| 2196 |         303 |        5 |
| 1804 |         303 |        3 |
| 2195 |         304 |        5 |
| 1807 |         304 |        3 |
| 2249 |         308 |        3 |
| 1820 |         309 |        1 |
| 1821 |         309 |        2 |
| 1826 |         310 |        5 |
| 2257 |         249 |        3 |
| 1833 |          13 |        4 |
| 1834 |          13 |        5 |
| 2229 |          12 |        4 |
| 1836 |          19 |        4 |
| 1837 |          19 |        5 |
| 1839 |         311 |        1 |
| 1840 |         311 |        2 |
| 1841 |         311 |        3 |
| 1842 |         311 |        4 |
| 1843 |         311 |        5 |
| 1844 |         312 |        1 |
| 1845 |         312 |        2 |
| 1846 |         312 |        3 |
| 1847 |         312 |        4 |
| 1848 |         312 |        5 |
| 1854 |         314 |        1 |
| 1855 |         314 |        2 |
| 1856 |         314 |        3 |
| 1857 |         314 |        4 |
| 1858 |         314 |        5 |
| 1859 |         315 |        1 |
| 1860 |         315 |        2 |
| 1861 |         315 |        3 |
| 1862 |         315 |        4 |
| 1863 |         315 |        5 |
| 1864 |         316 |        1 |
| 1865 |         316 |        2 |
| 1866 |         316 |        3 |
| 1867 |         316 |        4 |
| 1868 |         316 |        5 |
| 1869 |         317 |        1 |
| 1870 |         317 |        2 |
| 1871 |         317 |        3 |
| 1872 |         317 |        4 |
| 1873 |         317 |        5 |
| 1874 |         318 |        1 |
| 1875 |         318 |        2 |
| 1876 |         318 |        3 |
| 1877 |         318 |        4 |
| 1878 |         318 |        5 |
| 1879 |         319 |        1 |
| 1880 |         319 |        2 |
| 1881 |         319 |        3 |
| 1882 |         319 |        4 |
| 1883 |         319 |        5 |
| 1884 |         320 |        1 |
| 1885 |         320 |        2 |
| 1886 |         320 |        3 |
| 1887 |         320 |        4 |
| 1888 |         320 |        5 |
| 1889 |         321 |        1 |
| 1890 |         321 |        2 |
| 1891 |         321 |        3 |
| 1892 |         321 |        4 |
| 1893 |         321 |        5 |
| 1894 |         322 |        1 |
| 1895 |         322 |        2 |
| 1896 |         322 |        3 |
| 1897 |         322 |        4 |
| 1898 |         322 |        5 |
| 1899 |         323 |        1 |
| 1900 |         323 |        2 |
| 1901 |         323 |        3 |
| 1902 |         323 |        4 |
| 1903 |         323 |        5 |
| 1904 |         324 |        1 |
| 1905 |         324 |        2 |
| 1906 |         324 |        3 |
| 1907 |         324 |        4 |
| 1908 |         324 |        5 |
| 1909 |         325 |        1 |
| 1910 |         325 |        2 |
| 1911 |         325 |        3 |
| 1912 |         325 |        4 |
| 1913 |         325 |        5 |
| 1914 |         326 |        1 |
| 1915 |         326 |        2 |
| 1916 |         326 |        3 |
| 1917 |         326 |        4 |
| 1918 |         326 |        5 |
| 1919 |         327 |        1 |
| 1920 |         327 |        2 |
| 1921 |         327 |        3 |
| 1922 |         327 |        4 |
| 1923 |         327 |        5 |
| 1924 |         328 |        1 |
| 1925 |         328 |        2 |
| 1926 |         328 |        3 |
| 1927 |         328 |        4 |
| 1928 |         328 |        5 |
| 1929 |         329 |        1 |
| 1930 |         329 |        2 |
| 1931 |         329 |        3 |
| 1932 |         329 |        4 |
| 1933 |         329 |        5 |
| 1939 |         331 |        1 |
| 1940 |         331 |        2 |
| 1941 |         331 |        3 |
| 1942 |         331 |        4 |
| 1943 |         331 |        5 |
| 1949 |         333 |        1 |
| 1950 |         333 |        2 |
| 1951 |         333 |        3 |
| 1952 |         333 |        4 |
| 1953 |         333 |        5 |
| 1954 |         334 |        1 |
| 1955 |         334 |        2 |
| 1956 |         334 |        3 |
| 1957 |         334 |        4 |
| 1958 |         334 |        5 |
| 1959 |         335 |        1 |
| 1960 |         335 |        2 |
| 1961 |         335 |        3 |
| 1962 |         335 |        4 |
| 1963 |         335 |        5 |
| 1964 |         336 |        1 |
| 1965 |         336 |        2 |
| 1966 |         336 |        3 |
| 1967 |         336 |        4 |
| 1968 |         336 |        5 |
| 1969 |         337 |        1 |
| 1970 |         337 |        2 |
| 1971 |         337 |        3 |
| 1972 |         337 |        4 |
| 1973 |         337 |        5 |
| 1974 |         338 |        1 |
| 1975 |         338 |        2 |
| 1976 |         338 |        3 |
| 1977 |         338 |        4 |
| 1978 |         338 |        5 |
| 1979 |         339 |        1 |
| 1980 |         339 |        2 |
| 1981 |         339 |        3 |
| 1982 |         339 |        4 |
| 1983 |         339 |        5 |
| 1984 |         340 |        1 |
| 1985 |         340 |        2 |
| 1986 |         340 |        3 |
| 1987 |         340 |        4 |
| 1988 |         340 |        5 |
| 1989 |         341 |        1 |
| 1990 |         341 |        2 |
| 1991 |         341 |        3 |
| 1992 |         341 |        4 |
| 1993 |         341 |        5 |
| 1994 |         342 |        1 |
| 1995 |         342 |        2 |
| 1996 |         342 |        3 |
| 1997 |         342 |        4 |
| 1998 |         342 |        5 |
| 1999 |         343 |        1 |
| 2000 |         343 |        2 |
| 2001 |         343 |        3 |
| 2002 |         343 |        4 |
| 2003 |         343 |        5 |
| 2009 |         345 |        1 |
| 2010 |         345 |        2 |
| 2011 |         345 |        3 |
| 2012 |         345 |        4 |
| 2013 |         345 |        5 |
| 2014 |         346 |        1 |
| 2015 |         346 |        2 |
| 2016 |         346 |        3 |
| 2017 |         346 |        4 |
| 2018 |         346 |        5 |
| 2019 |         347 |        1 |
| 2020 |         347 |        2 |
| 2021 |         347 |        3 |
| 2022 |         347 |        4 |
| 2023 |         347 |        5 |
| 2028 |         348 |        5 |
| 2031 |         349 |        3 |
| 2032 |         349 |        4 |
| 2033 |         349 |        5 |
| 2034 |         350 |        1 |
| 2035 |         350 |        2 |
| 2036 |         350 |        3 |
| 2037 |         350 |        4 |
| 2038 |         350 |        5 |
| 2255 |         351 |        3 |
| 2040 |         351 |        2 |
| 2041 |         351 |        5 |
| 2086 |         271 |        2 |
| 2085 |         352 |        4 |
| 2044 |         352 |        5 |
| 2191 |          65 |        1 |
| 2190 |          68 |        1 |
| 2189 |          66 |        2 |
| 2305 |         373 |        1 |
| 2049 |         353 |        5 |
| 2054 |         354 |        5 |
| 2072 |         358 |        5 |
| 2080 |         360 |        1 |
| 2081 |         360 |        2 |
| 2094 |         131 |        4 |
| 2095 |         131 |        5 |
| 2097 |         124 |        2 |
| 2098 |         124 |        5 |
| 2099 |         125 |        1 |
| 2100 |         125 |        5 |
| 2101 |         126 |        4 |
| 2102 |         126 |        5 |
| 2224 |         126 |        1 |
| 2104 |         127 |        2 |
| 2244 |         289 |        3 |
| 2107 |         361 |        2 |
| 2108 |         361 |        3 |
| 2109 |         361 |        4 |
| 2110 |         361 |        5 |
| 2219 |         214 |        5 |
| 2218 |         214 |        4 |
| 2216 |         275 |        5 |
| 2215 |         275 |        4 |
| 2122 |          45 |        4 |
| 2137 |         364 |        2 |
| 2138 |         364 |        3 |
| 2139 |         364 |        4 |
| 2140 |         364 |        5 |
| 2160 |         368 |        5 |
| 2159 |         368 |        4 |
| 2158 |         368 |        3 |
| 2157 |         368 |        2 |
| 2315 |         375 |        2 |
| 2147 |         366 |        2 |
| 2148 |         366 |        3 |
| 2151 |         367 |        1 |
| 2152 |         367 |        2 |
| 2153 |         367 |        3 |
| 2221 |         138 |        5 |
| 2162 |         369 |        2 |
| 2163 |         369 |        3 |
| 2164 |         369 |        4 |
| 2165 |         369 |        5 |
| 2166 |         370 |        1 |
| 2167 |         370 |        2 |
| 2171 |         371 |        1 |
| 2172 |         371 |        2 |
| 2256 |         351 |        4 |
| 2177 |         372 |        2 |
| 2178 |         372 |        3 |
| 2179 |         372 |        4 |
| 2180 |         372 |        5 |
| 2353 |         384 |        2 |
| 2354 |         384 |        3 |
| 2355 |         385 |        2 |
| 2356 |         385 |        3 |
| 2357 |         385 |        4 |
| 2358 |         385 |        5 |
| 3315 |         706 |        2 |
| 3314 |         706 |        1 |
| 2361 |         387 |        1 |
| 2362 |         387 |        2 |
| 2363 |         387 |        3 |
| 2367 |         389 |        2 |
| 2368 |         389 |        3 |
| 2369 |         390 |        1 |
| 2370 |         390 |        2 |
| 2371 |         390 |        3 |
| 2372 |         391 |        2 |
| 2373 |         391 |        3 |
| 2374 |         392 |        1 |
| 2375 |         392 |        2 |
| 2376 |         392 |        3 |
| 2377 |         393 |        1 |
| 2378 |         393 |        2 |
| 2379 |         393 |        3 |
| 2380 |         394 |        1 |
| 2381 |         394 |        2 |
| 2382 |         394 |        3 |
| 2383 |         395 |        2 |
| 2384 |         395 |        3 |
| 2385 |         396 |        1 |
| 2386 |         396 |        2 |
| 2387 |         396 |        3 |
| 2388 |         397 |        1 |
| 2389 |         397 |        2 |
| 2390 |         397 |        3 |
| 2391 |         398 |        1 |
| 2392 |         398 |        2 |
| 2393 |         398 |        3 |
| 2394 |         399 |        2 |
| 2395 |         399 |        3 |
| 2396 |         400 |        2 |
| 2397 |         400 |        3 |
| 2400 |         402 |        1 |
| 2401 |         402 |        2 |
| 2402 |         402 |        3 |
| 2403 |         403 |        1 |
| 2404 |         403 |        2 |
| 2405 |         403 |        3 |
| 2406 |         142 |        1 |
| 2407 |         404 |        2 |
| 2408 |         404 |        3 |
| 2409 |         405 |        2 |
| 2410 |         405 |        3 |
| 2411 |         406 |        1 |
| 2412 |         406 |        2 |
| 2413 |         406 |        3 |
| 2414 |         407 |        5 |
| 2418 |         409 |        2 |
| 2419 |         409 |        3 |
| 2420 |         410 |        1 |
| 2421 |         410 |        2 |
| 2422 |         411 |        2 |
| 2423 |         411 |        3 |
| 2424 |         412 |        1 |
| 2425 |         412 |        2 |
| 2426 |         413 |        1 |
| 2427 |         413 |        2 |
| 2428 |         414 |        1 |
| 2429 |         414 |        2 |
| 2430 |         414 |        3 |
| 2431 |         415 |        1 |
| 2432 |         415 |        2 |
| 2433 |         415 |        3 |
| 2434 |         416 |        4 |
| 2435 |         416 |        5 |
| 2436 |         417 |        4 |
| 2437 |         417 |        5 |
| 2438 |         418 |        1 |
| 2439 |         418 |        2 |
| 2444 |         420 |        2 |
| 2445 |         420 |        3 |
| 2446 |         420 |        4 |
| 2447 |         420 |        5 |
| 2448 |         421 |        2 |
| 2449 |         421 |        3 |
| 2450 |         421 |        4 |
| 2451 |         421 |        5 |
| 2452 |         422 |        1 |
| 2453 |         422 |        2 |
| 2454 |         422 |        3 |
| 2455 |         423 |        1 |
| 2456 |         423 |        2 |
| 2457 |         423 |        3 |
| 2458 |         424 |        3 |
| 2459 |         425 |        2 |
| 2460 |         425 |        3 |
| 2461 |         425 |        4 |
| 2462 |         425 |        5 |
| 2463 |         426 |        2 |
| 2464 |         426 |        3 |
| 2465 |         426 |        4 |
| 2466 |         426 |        5 |
| 2467 |         427 |        2 |
| 2468 |         427 |        3 |
| 2469 |         427 |        4 |
| 2470 |         427 |        5 |
| 2471 |         428 |        2 |
| 2472 |         428 |        3 |
| 2473 |         428 |        4 |
| 2474 |         428 |        5 |
| 2475 |         429 |        2 |
| 2476 |         429 |        3 |
| 2477 |         429 |        4 |
| 2478 |         429 |        5 |
| 2479 |         430 |        2 |
| 2480 |         430 |        3 |
| 2481 |         430 |        4 |
| 2482 |         430 |        5 |
| 2483 |         431 |        2 |
| 2484 |         431 |        3 |
| 2485 |         431 |        4 |
| 2486 |         431 |        5 |
| 2487 |         432 |        2 |
| 2488 |         432 |        3 |
| 2489 |         432 |        4 |
| 2490 |         432 |        5 |
| 2491 |         433 |        2 |
| 2492 |         433 |        3 |
| 2493 |         433 |        4 |
| 2494 |         433 |        5 |
| 2495 |         434 |        2 |
| 2496 |         434 |        3 |
| 2497 |         434 |        4 |
| 2498 |         434 |        5 |
| 2499 |         435 |        1 |
| 2500 |         435 |        2 |
| 2501 |         435 |        3 |
| 2502 |         435 |        4 |
| 2503 |         435 |        5 |
| 2509 |         437 |        1 |
| 2510 |         437 |        2 |
| 2511 |         437 |        3 |
| 2512 |         437 |        4 |
| 2513 |         437 |        5 |
| 2514 |         438 |        1 |
| 2515 |         438 |        2 |
| 2516 |         438 |        3 |
| 2517 |         438 |        4 |
| 2518 |         438 |        5 |
| 2520 |         439 |        2 |
| 2521 |         439 |        3 |
| 2522 |         439 |        4 |
| 2523 |         439 |        5 |
| 2525 |         440 |        2 |
| 2526 |         440 |        3 |
| 2527 |         440 |        4 |
| 2528 |         440 |        5 |
| 2529 |         441 |        2 |
| 2530 |         441 |        3 |
| 2531 |         441 |        4 |
| 2532 |         441 |        5 |
| 2533 |         442 |        2 |
| 2534 |         442 |        3 |
| 2535 |         442 |        4 |
| 2536 |         442 |        5 |
| 2539 |         444 |        4 |
| 2540 |         444 |        5 |
| 2541 |         445 |        4 |
| 2542 |         445 |        5 |
| 2543 |         446 |        4 |
| 2544 |         446 |        5 |
| 2545 |         447 |        4 |
| 2546 |         447 |        5 |
| 2547 |         446 |        1 |
| 2548 |         445 |        1 |
| 2549 |         444 |        1 |
| 2550 |         447 |        1 |
| 2551 |         448 |        4 |
| 2552 |         448 |        5 |
| 2553 |         449 |        1 |
| 2554 |         449 |        2 |
| 2555 |         450 |        1 |
| 2556 |         450 |        2 |
| 2561 |         453 |        2 |
| 2562 |         453 |        3 |
| 2563 |         454 |        2 |
| 2564 |         454 |        3 |
| 2565 |         455 |        5 |
| 2567 |         457 |        5 |
| 2568 |         458 |        5 |
| 2569 |         459 |        5 |
| 2570 |         460 |        5 |
| 2571 |         461 |        5 |
| 2572 |         462 |        5 |
| 2573 |         463 |        5 |
| 2575 |         464 |        2 |
| 2576 |         464 |        3 |
| 2577 |         464 |        4 |
| 2578 |         464 |        5 |
| 2579 |         465 |        1 |
| 2580 |         465 |        2 |
| 2581 |         465 |        3 |
| 2582 |         465 |        4 |
| 2583 |         465 |        5 |
| 3232 |         680 |        5 |
| 3231 |         680 |        4 |
| 3230 |         680 |        3 |
| 3229 |         680 |        2 |
| 3228 |         680 |        1 |
| 2589 |         467 |        1 |
| 2590 |         467 |        2 |
| 2591 |         467 |        3 |
| 2592 |         467 |        4 |
| 2593 |         467 |        5 |
| 2594 |         468 |        1 |
| 2595 |         468 |        2 |
| 2596 |         468 |        3 |
| 2597 |         468 |        4 |
| 2598 |         468 |        5 |
| 2599 |         469 |        1 |
| 2600 |         469 |        2 |
| 2601 |         469 |        3 |
| 2602 |         469 |        4 |
| 2603 |         469 |        5 |
| 2604 |         470 |        1 |
| 2605 |         470 |        2 |
| 2606 |         470 |        3 |
| 2607 |         470 |        4 |
| 2608 |         470 |        5 |
| 2609 |         471 |        1 |
| 2610 |         471 |        2 |
| 2611 |         471 |        3 |
| 2612 |         471 |        4 |
| 2613 |         471 |        5 |
| 2614 |         472 |        1 |
| 2615 |         472 |        2 |
| 2616 |         472 |        3 |
| 2617 |         472 |        4 |
| 2618 |         472 |        5 |
| 2619 |         473 |        1 |
| 2620 |         473 |        2 |
| 2621 |         473 |        3 |
| 2622 |         473 |        4 |
| 2623 |         473 |        5 |
| 2624 |         474 |        1 |
| 2625 |         474 |        2 |
| 2626 |         474 |        3 |
| 2627 |         474 |        4 |
| 2628 |         474 |        5 |
| 2629 |         475 |        1 |
| 2630 |         475 |        2 |
| 2631 |         475 |        3 |
| 2632 |         475 |        4 |
| 2633 |         475 |        5 |
| 2634 |         476 |        1 |
| 2635 |         476 |        2 |
| 2636 |         476 |        3 |
| 2637 |         476 |        4 |
| 2638 |         476 |        5 |
| 2639 |         477 |        2 |
| 2640 |         477 |        3 |
| 2641 |         478 |        1 |
| 2642 |         478 |        2 |
| 2643 |         479 |        1 |
| 2644 |         479 |        2 |
| 2645 |         479 |        3 |
| 2646 |         479 |        4 |
| 2647 |         479 |        5 |
| 2648 |         480 |        1 |
| 2649 |         480 |        2 |
| 2650 |         480 |        3 |
| 2651 |         480 |        4 |
| 2652 |         480 |        5 |
| 2653 |         481 |        1 |
| 2654 |         481 |        2 |
| 2655 |         481 |        3 |
| 2656 |         481 |        4 |
| 2657 |         481 |        5 |
| 2659 |         482 |        2 |
| 2660 |         482 |        3 |
| 2661 |         482 |        4 |
| 2662 |         482 |        5 |
| 2663 |         483 |        5 |
| 2664 |         484 |        5 |
| 2665 |         485 |        5 |
| 2666 |         486 |        5 |
| 2667 |         487 |        5 |
| 2668 |         488 |        5 |
| 2669 |         489 |        5 |
| 2670 |         490 |        5 |
| 2671 |         491 |        5 |
| 2672 |         492 |        5 |
| 2673 |         493 |        5 |
| 2674 |         494 |        5 |
| 2675 |         495 |        5 |
| 2677 |         497 |        1 |
| 2678 |         497 |        2 |
| 2679 |         497 |        3 |
| 2680 |         497 |        4 |
| 2681 |         497 |        5 |
| 2682 |         498 |        1 |
| 2683 |         498 |        2 |
| 2684 |         498 |        3 |
| 2685 |         498 |        4 |
| 2686 |         498 |        5 |
| 2687 |         499 |        4 |
| 2688 |         499 |        5 |
| 2689 |         500 |        5 |
| 2690 |         501 |        4 |
| 2691 |         501 |        5 |
| 2692 |         502 |        4 |
| 2693 |         502 |        5 |
| 2694 |         503 |        4 |
| 2695 |         503 |        5 |
| 2696 |         504 |        4 |
| 2697 |         504 |        5 |
| 2698 |         505 |        4 |
| 2699 |         505 |        5 |
| 2700 |         506 |        4 |
| 2701 |         506 |        5 |
| 3149 |         649 |        2 |
| 3148 |         649 |        1 |
| 2704 |         508 |        1 |
| 2705 |         508 |        2 |
| 2706 |         508 |        3 |
| 3150 |         649 |        3 |
| 2712 |         511 |        2 |
| 2713 |         511 |        3 |
| 2714 |         512 |        2 |
| 2715 |         512 |        3 |
| 2716 |         513 |        3 |
| 2720 |         515 |        2 |
| 2721 |         515 |        3 |
| 2722 |         516 |        2 |
| 2723 |         516 |        3 |
| 2724 |         517 |        2 |
| 2725 |         517 |        3 |
| 2726 |         518 |        2 |
| 2727 |         518 |        3 |
| 2728 |         519 |        2 |
| 2729 |         519 |        3 |
| 2730 |         519 |        4 |
| 2731 |         519 |        5 |
| 2732 |         520 |        2 |
| 2733 |         520 |        3 |
| 2734 |         520 |        4 |
| 2735 |         520 |        5 |
| 2736 |         521 |        2 |
| 2737 |         521 |        3 |
| 2738 |         521 |        4 |
| 2739 |         521 |        5 |
| 2740 |         522 |        2 |
| 2741 |         522 |        3 |
| 2742 |         522 |        4 |
| 2743 |         522 |        5 |
| 2744 |         523 |        1 |
| 2745 |         523 |        2 |
| 2746 |         523 |        3 |
| 2747 |         524 |        2 |
| 2748 |         524 |        3 |
| 2749 |         524 |        4 |
| 2750 |         525 |        2 |
| 2751 |         525 |        3 |
| 2752 |         525 |        4 |
| 2753 |         526 |        2 |
| 2754 |         526 |        3 |
| 2755 |         526 |        4 |
| 2756 |         132 |        1 |
| 2757 |         526 |        1 |
| 2758 |         526 |        5 |
| 2759 |         525 |        1 |
| 2760 |         525 |        5 |
| 2761 |         524 |        1 |
| 2762 |         524 |        5 |
| 2763 |         527 |        1 |
| 2764 |         527 |        2 |
| 2765 |         527 |        3 |
| 2766 |         528 |        1 |
| 2767 |         528 |        2 |
| 2768 |         528 |        3 |
| 2769 |         529 |        1 |
| 2770 |         529 |        2 |
| 2771 |         529 |        3 |
| 2772 |         530 |        1 |
| 2773 |         530 |        2 |
| 2774 |         530 |        3 |
| 2776 |         531 |        1 |
| 2777 |         531 |        2 |
| 2778 |         531 |        3 |
| 2779 |         532 |        2 |
| 2780 |         532 |        3 |
| 2781 |         532 |        4 |
| 2782 |         532 |        5 |
| 2783 |         533 |        3 |
| 2784 |         534 |        3 |
| 2785 |         535 |        3 |
| 2786 |         536 |        2 |
| 2787 |         536 |        3 |
| 2788 |         536 |        4 |
| 2789 |         536 |        5 |
| 2790 |         537 |        1 |
| 2791 |         537 |        2 |
| 2792 |         537 |        3 |
| 2793 |         538 |        1 |
| 2794 |         538 |        2 |
| 2795 |         538 |        3 |
| 2796 |         539 |        3 |
| 2797 |         540 |        3 |
| 2798 |         541 |        3 |
| 2799 |         542 |        2 |
| 2800 |         542 |        3 |
| 2801 |         542 |        4 |
| 2802 |         542 |        5 |
| 2803 |         543 |        2 |
| 2804 |         543 |        3 |
| 2805 |         543 |        4 |
| 2806 |         543 |        5 |
| 2807 |         544 |        2 |
| 2808 |         544 |        3 |
| 2809 |         544 |        4 |
| 2810 |         544 |        5 |
| 2811 |         545 |        2 |
| 2812 |         545 |        3 |
| 2813 |         545 |        4 |
| 2814 |         545 |        5 |
| 2815 |         546 |        2 |
| 2816 |         546 |        3 |
| 2817 |         546 |        4 |
| 2818 |         546 |        5 |
| 2819 |         547 |        2 |
| 2820 |         547 |        3 |
| 2821 |         547 |        4 |
| 2822 |         547 |        5 |
| 2823 |         548 |        2 |
| 2824 |         548 |        3 |
| 2825 |         548 |        4 |
| 2826 |         548 |        5 |
| 2827 |         549 |        2 |
| 2828 |         549 |        3 |
| 2829 |         549 |        4 |
| 2830 |         549 |        5 |
| 2831 |         550 |        2 |
| 2832 |         550 |        3 |
| 2833 |         550 |        4 |
| 2834 |         550 |        5 |
| 2835 |         551 |        2 |
| 2836 |         551 |        3 |
| 2837 |         551 |        4 |
| 2838 |         551 |        5 |
| 2839 |         552 |        2 |
| 2840 |         552 |        3 |
| 2841 |         552 |        4 |
| 2842 |         552 |        5 |
| 2843 |         553 |        2 |
| 2844 |         553 |        3 |
| 2845 |         553 |        4 |
| 2846 |         553 |        5 |
| 2847 |         554 |        2 |
| 2848 |         554 |        3 |
| 2849 |         554 |        4 |
| 2850 |         554 |        5 |
| 2851 |         555 |        2 |
| 2852 |         555 |        3 |
| 2853 |         555 |        4 |
| 2854 |         555 |        5 |
| 2860 |         557 |        1 |
| 2861 |         557 |        2 |
| 2862 |         557 |        3 |
| 2863 |         557 |        4 |
| 2864 |         557 |        5 |
| 2865 |         558 |        2 |
| 2866 |         558 |        3 |
| 2867 |         558 |        4 |
| 2868 |         558 |        5 |
| 2869 |         559 |        1 |
| 2870 |         559 |        2 |
| 2871 |         559 |        3 |
| 2872 |         559 |        4 |
| 2873 |         559 |        5 |
| 2874 |         560 |        1 |
| 2875 |         560 |        2 |
| 2876 |         560 |        3 |
| 2877 |         560 |        4 |
| 2878 |         560 |        5 |
| 2879 |         561 |        1 |
| 2880 |         561 |        2 |
| 2881 |         561 |        3 |
| 2882 |         561 |        4 |
| 2883 |         561 |        5 |
| 2887 |         563 |        1 |
| 2888 |         563 |        2 |
| 2889 |         563 |        3 |
| 2890 |         564 |        1 |
| 2891 |         564 |        2 |
| 2892 |         564 |        3 |
| 2893 |         565 |        1 |
| 2894 |         565 |        2 |
| 2899 |         567 |        2 |
| 2900 |         567 |        3 |
| 2901 |         567 |        4 |
| 2902 |         567 |        5 |
| 2903 |         568 |        2 |
| 2904 |         568 |        3 |
| 2905 |         568 |        4 |
| 2906 |         568 |        5 |
| 2907 |         569 |        2 |
| 2908 |         569 |        3 |
| 2909 |         570 |        1 |
| 2910 |         570 |        2 |
| 2911 |         570 |        3 |
| 2912 |         570 |        4 |
| 2913 |         570 |        5 |
| 2929 |         574 |        2 |
| 2930 |         574 |        3 |
| 2931 |         574 |        4 |
| 2932 |         574 |        5 |
| 2933 |         575 |        1 |
| 2934 |         575 |        2 |
| 2935 |         575 |        3 |
| 2936 |         575 |        4 |
| 2937 |         575 |        5 |
| 2938 |         576 |        1 |
| 2939 |         576 |        2 |
| 2940 |         576 |        3 |
| 2941 |         576 |        4 |
| 2942 |         576 |        5 |
| 2973 |         584 |        1 |
| 2974 |         584 |        4 |
| 2975 |         585 |        1 |
| 2976 |         585 |        2 |
| 2977 |         585 |        3 |
| 2978 |         586 |        1 |
| 2979 |         586 |        2 |
| 2980 |         586 |        3 |
| 2981 |         586 |        4 |
| 2982 |         586 |        5 |
| 2983 |         587 |        2 |
| 2984 |         587 |        3 |
| 2985 |         587 |        4 |
| 2986 |         587 |        5 |
| 2987 |         588 |        2 |
| 2988 |         588 |        4 |
| 2989 |         588 |        5 |
| 2990 |         589 |        5 |
| 2991 |         590 |        4 |
| 2992 |         590 |        5 |
| 2993 |         591 |        5 |
| 2994 |         592 |        4 |
| 2995 |         592 |        5 |
| 2996 |         139 |        4 |
| 2997 |         139 |        5 |
| 2999 |         593 |        3 |
| 3000 |         593 |        4 |
| 3001 |         593 |        5 |
| 3002 |         594 |        2 |
| 3003 |         594 |        3 |
| 3004 |         594 |        4 |
| 3005 |         594 |        5 |
| 3006 |         595 |        1 |
| 3007 |         595 |        2 |
| 3008 |         595 |        3 |
| 3009 |         595 |        4 |
| 3010 |         595 |        5 |
| 3011 |         596 |        4 |
| 3012 |         596 |        5 |
| 3013 |         597 |        4 |
| 3014 |         597 |        5 |
| 3015 |         598 |        2 |
| 3016 |         598 |        3 |
| 3017 |         598 |        4 |
| 3018 |         598 |        5 |
| 3019 |         599 |        2 |
| 3020 |         599 |        3 |
| 3021 |         599 |        4 |
| 3022 |         599 |        5 |
| 3023 |         600 |        2 |
| 3024 |         600 |        3 |
| 3025 |         600 |        4 |
| 3026 |         600 |        5 |
| 3027 |         601 |        2 |
| 3028 |         601 |        3 |
| 3029 |         601 |        4 |
| 3030 |         601 |        5 |
| 3031 |         602 |        2 |
| 3032 |         602 |        3 |
| 3033 |         602 |        4 |
| 3034 |         602 |        5 |
| 3035 |         603 |        2 |
| 3036 |         603 |        3 |
| 3037 |         603 |        4 |
| 3038 |         603 |        5 |
| 3039 |         604 |        2 |
| 3040 |         604 |        3 |
| 3041 |         604 |        4 |
| 3042 |         604 |        5 |
| 3043 |         605 |        2 |
| 3044 |         605 |        3 |
| 3045 |         605 |        4 |
| 3046 |         605 |        5 |
| 3047 |         606 |        2 |
| 3048 |         606 |        3 |
| 3049 |         606 |        4 |
| 3050 |         606 |        5 |
| 3051 |         607 |        5 |
| 3052 |         608 |        5 |
| 3053 |         609 |        5 |
| 3054 |         610 |        5 |
| 3056 |         612 |        5 |
| 3057 |         613 |        4 |
| 3058 |         613 |        5 |
| 3061 |         614 |        3 |
| 3062 |         614 |        4 |
| 3063 |         614 |        5 |
| 3064 |         615 |        1 |
| 3065 |         615 |        2 |
| 3066 |         615 |        3 |
| 3067 |         615 |        4 |
| 3068 |         615 |        5 |
| 3069 |         616 |        4 |
| 3070 |         616 |        5 |
| 3071 |         617 |        2 |
| 3072 |         617 |        3 |
| 3073 |         617 |        4 |
| 3074 |         617 |        5 |
| 3075 |         618 |        1 |
| 3076 |         618 |        2 |
| 3077 |         618 |        3 |
| 3078 |         618 |        4 |
| 3079 |         618 |        5 |
| 3080 |         619 |        2 |
| 3081 |         619 |        3 |
| 3082 |         619 |        4 |
| 3083 |         619 |        5 |
| 3084 |         620 |        2 |
| 3085 |         620 |        3 |
| 3086 |         620 |        4 |
| 3087 |         620 |        5 |
| 3088 |         621 |        5 |
| 3089 |         622 |        4 |
| 3090 |         622 |        5 |
| 3091 |         623 |        4 |
| 3092 |         623 |        5 |
| 3093 |         624 |        4 |
| 3094 |         624 |        5 |
| 3095 |         625 |        4 |
| 3096 |         625 |        5 |
| 3097 |         626 |        4 |
| 3098 |         626 |        5 |
| 3099 |         627 |        1 |
| 3100 |         627 |        2 |
| 3101 |         627 |        3 |
| 3102 |         628 |        4 |
| 3103 |         628 |        5 |
| 3104 |         629 |        2 |
| 3105 |         629 |        3 |
| 3106 |         629 |        4 |
| 3107 |         629 |        5 |
| 3108 |         630 |        1 |
| 3109 |         630 |        2 |
| 3110 |         630 |        3 |
| 3111 |         630 |        4 |
| 3112 |         630 |        5 |
| 3113 |         631 |        1 |
| 3114 |         631 |        2 |
| 3115 |         631 |        3 |
| 3116 |         631 |        4 |
| 3117 |         631 |        5 |
| 3120 |         632 |        4 |
| 3121 |         632 |        5 |
| 3122 |         633 |        4 |
| 3123 |         633 |        5 |
| 3124 |         634 |        2 |
| 3125 |         634 |        3 |
| 3126 |         634 |        4 |
| 3127 |         634 |        5 |
| 3137 |         641 |        5 |
| 3138 |         642 |        5 |
| 3139 |         643 |        5 |
| 3140 |         644 |        5 |
| 3141 |         645 |        5 |
| 3142 |         646 |        5 |
| 3154 |         651 |        1 |
| 3155 |         651 |        2 |
| 3156 |         651 |        3 |
| 3157 |         651 |        4 |
| 3158 |         651 |        5 |
| 3159 |         652 |        3 |
| 3160 |         653 |        2 |
| 3161 |         653 |        3 |
| 3162 |         653 |        4 |
| 3163 |         653 |        5 |
| 3164 |         654 |        1 |
| 3165 |         654 |        2 |
| 3166 |         654 |        3 |
| 3167 |         654 |        4 |
| 3168 |         654 |        5 |
| 3169 |         655 |        3 |
| 3170 |         656 |        2 |
| 3171 |         656 |        3 |
| 3172 |         657 |        2 |
| 3173 |         657 |        3 |
| 3174 |         658 |        2 |
| 3175 |         658 |        3 |
| 3176 |         659 |        2 |
| 3177 |         659 |        3 |
| 3178 |         660 |        2 |
| 3179 |         660 |        3 |
| 3180 |         661 |        2 |
| 3181 |         661 |        3 |
| 3182 |         662 |        2 |
| 3183 |         662 |        3 |
| 3184 |         663 |        2 |
| 3185 |         663 |        3 |
| 3186 |         664 |        2 |
| 3187 |         664 |        3 |
| 3188 |         664 |        4 |
| 3189 |         664 |        5 |
| 3190 |         665 |        2 |
| 3191 |         665 |        3 |
| 3192 |         665 |        4 |
| 3193 |         665 |        5 |
| 3194 |         666 |        2 |
| 3195 |         666 |        3 |
| 3196 |         667 |        2 |
| 3197 |         667 |        3 |
| 3198 |         668 |        2 |
| 3199 |         668 |        3 |
| 3200 |         669 |        2 |
| 3201 |         669 |        3 |
| 3202 |         670 |        2 |
| 3203 |         670 |        3 |
| 3204 |         671 |        2 |
| 3205 |         671 |        3 |
| 3211 |         674 |        2 |
| 3210 |         674 |        1 |
| 3208 |         673 |        2 |
| 3209 |         673 |        3 |
| 3212 |         675 |        1 |
| 3213 |         675 |        2 |
| 3214 |         676 |        2 |
| 3215 |         676 |        3 |
| 3216 |         677 |        1 |
| 3217 |         677 |        2 |
| 3218 |         678 |        1 |
| 3219 |         678 |        2 |
| 3220 |         678 |        3 |
| 3221 |         678 |        4 |
| 3222 |         678 |        5 |
| 3223 |         679 |        1 |
| 3224 |         679 |        2 |
| 3225 |         679 |        3 |
| 3226 |         679 |        4 |
| 3227 |         679 |        5 |
| 3233 |         681 |        1 |
| 3234 |         682 |        3 |
| 3235 |         683 |        1 |
| 3236 |         683 |        2 |
| 3237 |         683 |        3 |
| 3238 |         684 |        1 |
| 3239 |         684 |        2 |
| 3240 |         684 |        3 |
| 3241 |         684 |        4 |
| 3242 |         684 |        5 |
| 3243 |         685 |        1 |
| 3244 |         685 |        2 |
| 3245 |         685 |        3 |
| 3246 |         685 |        4 |
| 3247 |         685 |        5 |
| 3248 |         686 |        2 |
| 3249 |         686 |        3 |
| 3250 |         686 |        4 |
| 3251 |         686 |        5 |
| 3252 |         687 |        1 |
| 3253 |         687 |        2 |
| 3254 |         687 |        3 |
| 3255 |         687 |        4 |
| 3256 |         687 |        5 |
| 3257 |         688 |        2 |
| 3258 |         688 |        3 |
| 3259 |         688 |        4 |
| 3260 |         688 |        5 |
| 3261 |         689 |        2 |
| 3262 |         689 |        3 |
| 3263 |         690 |        1 |
| 3264 |         690 |        2 |
| 3265 |         691 |        1 |
| 3266 |         691 |        2 |
| 3267 |         691 |        3 |
| 3268 |         691 |        4 |
| 3269 |         691 |        5 |
| 3270 |         692 |        1 |
| 3271 |         692 |        2 |
| 3272 |         692 |        3 |
| 3273 |         692 |        4 |
| 3274 |         692 |        5 |
| 3275 |         693 |        2 |
| 3276 |         693 |        3 |
| 3277 |         693 |        4 |
| 3278 |         693 |        5 |
| 3279 |         694 |        1 |
| 3280 |         694 |        2 |
| 3281 |         695 |        1 |
| 3282 |         695 |        2 |
| 3283 |         696 |        1 |
| 3284 |         696 |        2 |
| 3285 |         696 |        3 |
| 3286 |         696 |        4 |
| 3287 |         696 |        5 |
| 3288 |         697 |        2 |
| 3289 |         697 |        3 |
| 3290 |         698 |        1 |
| 3291 |         698 |        2 |
| 3292 |         698 |        3 |
| 3293 |         699 |        1 |
| 3294 |         699 |        2 |
| 3295 |         699 |        3 |
| 3296 |         700 |        1 |
| 3297 |         700 |        2 |
| 3298 |         700 |        3 |
| 3299 |         700 |        4 |
| 3300 |         700 |        5 |
| 3301 |         701 |        2 |
| 3302 |         701 |        3 |
| 3303 |         701 |        4 |
| 3304 |         701 |        5 |
| 3305 |         702 |        2 |
| 3306 |         702 |        3 |
| 3307 |         702 |        4 |
| 3308 |         702 |        5 |
| 3334 |         703 |        4 |
| 3310 |         703 |        2 |
| 3311 |         703 |        3 |
| 3312 |         704 |        3 |
| 3313 |         705 |        3 |
| 3316 |         706 |        3 |
| 3317 |         706 |        4 |
| 3318 |         706 |        5 |
| 3319 |         707 |        1 |
| 3320 |         707 |        2 |
| 3321 |         707 |        3 |
| 3322 |         708 |        2 |
| 3323 |         708 |        3 |
| 3324 |         709 |        2 |
| 3325 |         709 |        3 |
| 3326 |         710 |        2 |
| 3327 |         710 |        3 |
| 3328 |         710 |        4 |
| 3329 |         710 |        5 |
| 3330 |         711 |        2 |
| 3331 |         711 |        3 |
| 3332 |         712 |        2 |
| 3333 |         712 |        3 |
| 3337 |         713 |        2 |
| 3338 |         713 |        3 |
| 3339 |         713 |        4 |
| 3340 |         713 |        5 |
| 3341 |         714 |        2 |
| 3342 |         714 |        3 |
| 3343 |         714 |        4 |
| 3344 |         714 |        5 |
| 3345 |         715 |        2 |
| 3346 |         715 |        3 |
| 3347 |         715 |        5 |
| 3348 |         716 |        3 |
| 3350 |         718 |        3 |
| 3351 |         718 |        4 |
| 3352 |         719 |        1 |
| 3353 |         719 |        2 |
| 3354 |         720 |        2 |
| 3355 |         720 |        3 |
+------+-------------+----------+
